#Parameters = {d=5.317902894795; d_passa_faixa=9.8825261741929; e=6.5892246517659e-11; l=5; p=5.3716190856516; p_passa_faixa=10.084210381829; phi=0; r=100; theta=0; u=1.1425808117681e-06; w=0.98825261741929; w_passa_faixa=0.495; z_fss=0.3}
#"Frequency / GHz"	"SZmax(1),Zmax(1) (1) [Real/Imaginary Part] [Re]"	"SZmax(1),Zmax(1) (1) [Real/Imaginary Part] [Im]"
#---------------------------------------------------------------------------------------------------------------------
1.0000000000000	-0.94299798916347	0.32139732909719
1.0240000000000	-0.94023547336105	0.32881685057323
1.0480000000000	-0.93740715886063	0.33621835347634
1.0720000000000	-0.93451300932811	0.34360129859190
1.0960000000000	-0.93155298964225	0.35096514398104
1.1200000000000	-0.92852706588665	0.35830934490025
1.1440000000000	-0.92543520534287	0.36563335371856
1.1680000000000	-0.92227737648480	0.37293661983239
1.1920000000000	-0.91905354897422	0.38021858957789
1.2160000000000	-0.91576369365766	0.38747870614087
1.2400000000000	-0.91240778256470	0.39471640946411
1.2640000000000	-0.90898578890768	0.40193113615211
1.2880000000000	-0.90549768708284	0.40912231937326
1.3120000000000	-0.90194345267317	0.41628938875916
1.3360000000000	-0.89832306245277	0.42343177030142
1.3600000000000	-0.89463649439304	0.43054888624545
1.3840000000000	-0.89088372767058	0.43764015498152
1.4080000000000	-0.88706474267704	0.44470499093293
1.4320000000000	-0.88317952103090	0.45174280444110
1.4560000000000	-0.87922804559131	0.45875300164779
1.4800000000000	-0.87521030047409	0.46573498437410
1.5040000000000	-0.87112627106993	0.47268814999645
1.5280000000000	-0.86697594406502	0.47961189131931
1.5520000000000	-0.86275930746403	0.48650559644464
1.5760000000000	-0.85847635061569	0.49336864863810
1.6000000000000	-0.85412706424107	0.50020042619179
1.6240000000000	-0.84971144046461	0.50700030228360
1.6480000000000	-0.84522947284801	0.51376764483302
1.6720000000000	-0.84068115642730	0.52050181635340
1.6960000000000	-0.83606648775291	0.52720217380055
1.7200000000000	-0.83138546493322	0.53386806841764
1.7440000000000	-0.82663808768138	0.54049884557632
1.7680000000000	-0.82182435736594	0.54709384461403
1.7920000000000	-0.81694427706505	0.55365239866737
1.8160000000000	-0.81199785162473	0.56017383450149
1.8400000000000	-0.80698508772114	0.56665747233546
1.8640000000000	-0.80190599392723	0.57310262566352
1.8880000000000	-0.79676058078370	0.57950860107215
1.9120000000000	-0.79154886087480	0.58587469805288
1.9360000000000	-0.78627084890879	0.59220020881079
1.9600000000000	-0.78092656180364	0.59848441806861
1.9840000000000	-0.77551601877790	0.60472660286646
2.0080000000000	-0.77003924144710	0.61092603235690
2.0320000000000	-0.76449625392596	0.61708196759556
2.0560000000000	-0.75888708293650	0.62319366132707
2.0800000000000	-0.75321175792250	0.62926035776623
2.1040000000000	-0.74747031117040	0.63528129237450
2.1280000000000	-0.74166277793702	0.64125569163160
2.1520000000000	-0.73578919658445	0.64718277280225
2.1760000000000	-0.72984960872220	0.65306174369799
2.2000000000000	-0.72384405935715	0.65889180243394
2.2240000000000	-0.71777259705155	0.66467213718064
2.2480000000000	-0.71163527408932	0.67040192591071
2.2720000000000	-0.70543214665117	0.67608033614040
2.2960000000000	-0.69916327499878	0.68170652466610
2.3200000000000	-0.69282872366849	0.68727963729546
2.3440000000000	-0.68642856167487	0.69279880857352
2.3680000000000	-0.67996286272465	0.69826316150344
2.3920000000000	-0.67343170544134	0.70367180726208
2.4160000000000	-0.66683517360108	0.70902384491032
2.4400000000000	-0.66017335638016	0.71431836109814
2.4640000000000	-0.65344634861472	0.71955442976442
2.4880000000000	-0.64665425107309	0.72473111183166
2.5120000000000	-0.63979717074132	0.72984745489537
2.5360000000000	-0.63287522112254	0.73490249290846
2.5600000000000	-0.62588852255054	0.73989524586051
2.5840000000000	-0.61883720251832	0.74482471945202
2.6080000000000	-0.61172139602218	0.74968990476380
2.6320000000000	-0.60454124592197	0.75448977792151
2.6560000000000	-0.59729690331817	0.75922329975548
2.6800000000000	-0.58998852794651	0.76388941545607
2.7040000000000	-0.58261628859084	0.76848705422452
2.7280000000000	-0.57518036351500	0.77301512891966
2.7520000000000	-0.56768094091439	0.77747253570054
2.7760000000000	-0.56011821938820	0.78185815366534
2.8000000000000	-0.55249240843295	0.78617084448664
2.8240000000000	-0.54480372895828	0.79040945204356
2.8480000000000	-0.53705241382594	0.79457280205086
2.8720000000000	-0.52923870841270	0.79865970168549
2.8960000000000	-0.52136287119843	0.80266893921095
2.9200000000000	-0.51342517438001	0.80659928359977
2.9440000000000	-0.50542590451237	0.81044948415481
2.9680000000000	-0.49736536317746	0.81421827012960
2.9920000000000	-0.48924386768247	0.81790435034853
3.0160000000000	-0.48106175178820	0.82150641282724
3.0400000000000	-0.47281936646889	0.82502312439420
3.0640000000000	-0.46451708070466	0.82845313031378
3.0880000000000	-0.45615528230767	0.83179505391200
3.1120000000000	-0.44773437878348	0.83504749620547
3.1360000000000	-0.43925479822862	0.83820903553464
3.1600000000000	-0.43071699026599	0.84127822720225
3.1840000000000	-0.42212142701921	0.84425360311805
3.2080000000000	-0.41346860412748	0.84713367145101
3.2320000000000	-0.40475904180222	0.84991691629010
3.2560000000000	-0.39599328592715	0.85260179731516
3.2800000000000	-0.38717190920312	0.85518674947916
3.3040000000000	-0.37829551233926	0.85767018270342
3.3280000000000	-0.36936472529208	0.86005048158748
3.3520000000000	-0.36038020855400	0.86232600513531
3.3760000000000	-0.35134265449289	0.86449508649987
3.4000000000000	-0.34225278874430	0.86655603274791
3.4240000000000	-0.33311137165802	0.86850712464733
3.4480000000000	-0.32391919980054	0.87034661647936
3.4720000000000	-0.31467710751506	0.87207273587792
3.4960000000000	-0.30538596854079	0.87368368369912
3.5200000000000	-0.29604669769316	0.87517763392332
3.5440000000000	-0.28666025260649	0.87655273359316
3.5680000000000	-0.27722763554087	0.87780710279043
3.5920000000000	-0.26774989525480	0.87893883465547
3.6160000000000	-0.25822812894512	0.87994599545244
3.6400000000000	-0.24866348425589	0.88082662468461
3.6640000000000	-0.23905716135748	0.88157873526355
3.6880000000000	-0.22941041509755	0.88220031373658
3.7120000000000	-0.21972455722502	0.88268932057721
3.7360000000000	-0.21000095868837	0.88304369054324
3.7600000000000	-0.20024105200950	0.88326133310781
3.7840000000000	-0.19044633373397	0.88334013296881
3.8080000000000	-0.18061836695864	0.88327795064231
3.8320000000000	-0.17075878393740	0.88307262314617
3.8560000000000	-0.16086928876539	0.88272196478020
3.8800000000000	-0.15095166014231	0.88222376800944
3.9040000000000	-0.14100775421450	0.88157580445791
3.9280000000000	-0.13103950749602	0.88077582601995
3.9520000000000	-0.12104893986798	0.87982156609716
3.9760000000000	-0.11103815765549	0.87871074096897
4.0000000000000	-0.10100935678091	0.87744105130545
4.0240000000000	-0.090964825992102	0.87601018383129
4.0480000000000	-0.080906950163453	0.87441581315016
4.0720000000000	-0.070838213667355	0.87265560373938
4.0960000000000	-0.060761203813121	0.87072721212474
4.1200000000000	-0.050678614349776	0.86862828924620
4.1440000000000	-0.040593249028539	0.86635648302514
4.1680000000000	-0.030508025220154	0.86390944114468
4.1920000000000	-0.020425977581459	0.86128481405434
4.2160000000000	-0.010350261764813	0.85848025821144
4.2400000000000	-0.00028415816312653	0.85549343957120
4.2640000000000	0.0097689243176833	0.85232203733833
4.2880000000000	0.019805444467985	0.84896374799303
4.3120000000000	0.029821724975724	0.84541628960448
4.3360000000000	0.039813948631081	0.84167740644517
4.3600000000000	0.049778154547139	0.83774487391962
4.3840000000000	0.059710234410436	0.83361650382108
4.4080000000000	0.069605928776721	0.82929014992982
4.4320000000000	0.079460823428663	0.82476371396657
4.4560000000000	0.089270345813821	0.82003515191464
4.4800000000000	0.099029761582819	0.81510248072390
4.5040000000000	0.10873417124936	0.80996378540958
4.5280000000000	0.11837850699559	0.80461722655819
4.5520000000000	0.12795752964799	0.79906104825272
4.5760000000000	0.13746582585133	0.79329358642789
4.6000000000000	0.14689780546962	0.78731327766607
4.6240000000000	0.15624769924581	0.78111866844275
4.6480000000000	0.16550955675344	0.77470842482970
4.6720000000000	0.17467724467611	0.76808134266219
4.6960000000000	0.18374444545266	0.76123635817505
4.7200000000000	0.19270465632815	0.75417255911041
4.7440000000000	0.20155118885305	0.74688919629781
4.7680000000000	0.21027716887533	0.73938569570477
4.7920000000000	0.21887553707216	0.73166167095339
4.8160000000000	0.22733905007017	0.72371693629519
4.8400000000000	0.23566028220527	0.71555152003318
4.8640000000000	0.24383162797490	0.70716567837653
4.8880000000000	0.25184530523735	0.69855990970877
4.9120000000000	0.25969335921437	0.68973496924648
4.9360000000000	0.26736766735467	0.68069188406014
4.9600000000000	0.27485994511685	0.67143196842410
4.9840000000000	0.28216175273124	0.66195683945677
5.0080000000000	0.28926450300021	0.65226843300626
5.0320000000000	0.29615947019681	0.64236901973058
5.0560000000000	0.30283780012062	0.63226122131482
5.0800000000000	0.30929052136893	0.62194802676065
5.1040000000000	0.31550855787949	0.61143280867649
5.1280000000000	0.32148274279869	0.60071933948920
5.1520000000000	0.32720383372595	0.58981180749010
5.1760000000000	0.33266252938113	0.57871483262090
5.2000000000000	0.33784948773706	0.56743348189648
5.2240000000000	0.34275534565349	0.55597328435413
5.2480000000000	0.34737074004209	0.54434024541059
5.2720000000000	0.35168633058468	0.53254086050058
5.2960000000000	0.35569282401755	0.52058212786318
5.3200000000000	0.35938099998556	0.50847156033527
5.3440000000000	0.36274173845812	0.49621719600477
5.3680000000000	0.36576604868741	0.48382760757042
5.3920000000000	0.36844509967579	0.47131191025015
5.4160000000000	0.37077025210506	0.45867976807549
5.4400000000000	0.37273309166485	0.44594139840711
5.4640000000000	0.37432546370094	0.43310757450451
5.4880000000000	0.37553950908717	0.42018962598300
5.5120000000000	0.37636770120628	0.40719943699259
5.5360000000000	0.37680288390652	0.39414944195664
5.5600000000000	0.37683831028142	0.38105261871350
5.5840000000000	0.37646768210081	0.36792247891189
5.6080000000000	0.37568518970117	0.35477305552033
5.6320000000000	0.37448555212448	0.34161888732302
5.6560000000000	0.37286405727536	0.32847500028914
5.6800000000000	0.37081660184815	0.31535688571961
5.7040000000000	0.36833973075854	0.30228047509468
5.7280000000000	0.36543067579833	0.28926211156801
5.7520000000000	0.36208739321819	0.27631851807734
5.7760000000000	0.35830859993115	0.26346676206855
5.8000000000000	0.35409380802010	0.25072421685922
5.8240000000000	0.34944335722607	0.23810851969825
5.8480000000000	0.34435844509047	0.22563752661143
5.8720000000000	0.33884115442436	0.21332926415616
5.8960000000000	0.33289447778149	0.20120187824406
5.9200000000000	0.32652233861967	0.18927358022542
5.9440000000000	0.31972960884638	0.17756259046525
5.9680000000000	0.31252212246105	0.16608707967589
5.9920000000000	0.30490668502639	0.15486510830533
6.0160000000000	0.29689107872603	0.14391456431317
6.0400000000000	0.28848406279467	0.13325309969683
6.0640000000000	0.27969536913969	0.12289806615830
6.0880000000000	0.27053569301008	0.11286645032681
6.1120000000000	0.26101667860867	0.10317480897322
6.1360000000000	0.25115089958679	0.093839204668723
6.1600000000000	0.24095183440626	0.084875142352387
6.1840000000000	0.23043383660123	0.076297507278378
6.2080000000000	0.21961210002126	0.068120504815216
6.2320000000000	0.20850261918657	0.060357602564770
6.2560000000000	0.19712214493599	0.053021475258485
6.2800000000000	0.18548813559616	0.046123952872143
6.3040000000000	0.17361870394803	0.039675972378661
6.3280000000000	0.16153256031056	0.033687533530940
6.3520000000000	0.14924895210329	0.028167659034118
6.3760000000000	0.13678760028674	0.023124359429040
6.4000000000000	0.12416863311266	0.018564602966877
6.4240000000000	0.11141251764440	0.014494290709172
6.4480000000000	0.098539989530007	0.010918237038881
6.4720000000000	0.085571981527820	0.0078401557168740
6.4960000000000	0.072529551294610	0.0052626515656838
6.5200000000000	0.059433808951192	0.0031872178088349
6.5440000000000	0.046305844938397	0.0016142390406484
6.5680000000000	0.033166658668442	0.00054299974881547
6.5920000000000	0.020037088462822	-2.8301738939692e-05
6.6160000000000	0.0069377432481746	-0.00010253406142535
6.6400000000000	-0.0061110635432004	0.00031639139331879
6.6640000000000	-0.019089377451220	0.0012235494643369
6.6880000000000	-0.031977663461150	0.0026130346504603
6.7120000000000	-0.044756863126348	0.0044779986636172
6.7360000000000	-0.057408448035335	0.0068106917387540
6.7600000000000	-0.069914469360552	0.0096025073133622
6.7840000000000	-0.082257603270332	0.012844029671908
6.8080000000000	-0.094421192030565	0.016525084138142
6.8320000000000	-0.10638928066772	0.020634789391237
6.8560000000000	-0.11814664910946	0.025161611479851
6.8800000000000	-0.12967883976267	0.030093419111250
6.9040000000000	-0.14097218053043	0.035417539800330
6.9280000000000	-0.15201380330938	0.041120816475301
6.9520000000000	-0.16279165804570	0.047189664152603
6.9760000000000	-0.17329452246236	0.053610126312777
7.0000000000000	-0.18351200760109	0.060367930631133
7.0240000000000	-0.19343455934990	0.067448543741577
7.0480000000000	-0.20305345615121	0.074837224738393
7.0720000000000	-0.21236080310550	0.082519077148681
7.0960000000000	-0.22134952270251	0.090479099136990
7.1200000000000	-0.23001334242460	0.098702231733054
7.1440000000000	-0.23834677947685	0.10717340490301
7.1680000000000	-0.24634512290455	0.11587758131357
7.1920000000000	-0.25400441336174	0.12479979766728
7.2160000000000	-0.26132142079509	0.13392520351431
7.2400000000000	-0.26829362030440	0.14323909747289
7.2640000000000	-0.27491916643665	0.15272696081509
7.2880000000000	-0.28119686616330	0.16237448839823
7.3120000000000	-0.28712615078171	0.17216761694352
7.3360000000000	-0.29270704697135	0.18209255068338
7.3600000000000	-0.29794014722363	0.19213578441674
7.3840000000000	-0.30282657985152	0.20228412402720
7.4080000000000	-0.30736797877156	0.21252470453333
7.4320000000000	-0.31156645323698	0.22284500575194
7.4560000000000	-0.31542455768610	0.23323286566578
7.4800000000000	-0.31894526185565	0.24367649159535
7.5040000000000	-0.32213192129425	0.25416446928119
7.5280000000000	-0.32498824839695	0.26468576998845
7.5520000000000	-0.32751828406772	0.27522975574896
7.5760000000000	-0.32972637010322	0.28578618285864
7.6000000000000	-0.33161712237832	0.29634520374898
7.6240000000000	-0.33319540490122	0.30689736735154
7.6480000000000	-0.33446630479455	0.31743361807326
7.6720000000000	-0.33543510824780	0.32794529349880
7.6960000000000	-0.33610727747583	0.33842412093316
7.7200000000000	-0.33648842870949	0.34886221289503
7.7440000000000	-0.33658431123478	0.35925206166728
7.7680000000000	-0.33640078748986	0.36958653300672
7.7920000000000	-0.33594381422147	0.37985885911117
7.8160000000000	-0.33521942469630	0.39006263093641
7.8400000000000	-0.33423371195680	0.40019178995117
7.8640000000000	-0.33299281310620	0.41024061941281
7.8880000000000	-0.33150289460286	0.42020373524137
7.9120000000000	-0.32977013854050	0.43007607656428
7.9360000000000	-0.32780072988749	0.43985289599921
7.9600000000000	-0.32560084465596	0.44952974973699
7.9840000000000	-0.32317663896890	0.45910248748210
8.0080000000000	-0.32053423899230	0.46856724230298
8.0320000000000	-0.31767973169737	0.47792042044014
8.0560000000000	-0.31461915641758	0.48715869111525
8.0800000000000	-0.31135849716430	0.49627897638047
8.1040000000000	-0.30790367566450	0.50527844104302
8.1280000000000	-0.30426054508429	0.51415448269617
8.1520000000000	-0.30043488440176	0.52290472188448
8.1760000000000	-0.29643239339355	0.53152699242735
8.2000000000000	-0.29225868819965	0.54001933192214
8.2240000000000	-0.28791929743208	0.54837997244497
8.2480000000000	-0.28341965879369	0.55660733146467
8.2720000000000	-0.27876511617439	0.56470000298286
8.2960000000000	-0.27396091719326	0.57265674891074
8.3200000000000	-0.26901221115583	0.58047649069115
8.3440000000000	-0.26392404739743	0.58815830117243
8.3680000000000	-0.25870137398419	0.59570139673898
8.3920000000000	-0.25334903674497	0.60310512970175
8.4160000000000	-0.24787177860852	0.61036898095031
8.4400000000000	-0.24227423922127	0.61749255286736
8.4640000000000	-0.23656095482285	0.62447556250464
8.4880000000000	-0.23073635835708	0.63131783501898
8.5120000000000	-0.22480477979784	0.63801929736573
8.5360000000000	-0.21877044667026	0.64457997224629
8.5600000000000	-0.21263748474859	0.65099997230588
8.5840000000000	-0.20640991891372	0.65727949457676
8.6080000000000	-0.20009167415385	0.66341881516200
8.6320000000000	-0.19368657669329	0.66941828415419
8.6560000000000	-0.18719835523511	0.67527832078329
8.6800000000000	-0.18063064230443	0.68099940878750
8.7040000000000	-0.17398697567998	0.68658209200074
8.7280000000000	-0.16727079990262	0.69202697015030
8.7520000000000	-0.16048546785003	0.69733469485797
8.7760000000000	-0.15363424236789	0.70250596583792
8.8000000000000	-0.14672029794844	0.70754152728464
8.8240000000000	-0.13974672244800	0.71244216444412
8.8480000000000	-0.13271651883589	0.71720870036155
8.8720000000000	-0.12563260696754	0.72184199279891
8.8960000000000	-0.11849782537544	0.72634293131569
8.9200000000000	-0.11131493307197	0.73071243450647
8.9440000000000	-0.10408661135874	0.73495144738873
8.9680000000000	-0.096815465637554	0.73906093893472
8.9920000000000	-0.089504027218503	0.74304189974128
9.0160000000000	-0.082154755121269	0.74689533983153
9.0400000000000	-0.074770037865953	0.75062228658269
9.0640000000000	-0.067352195250225	0.75422378277430
9.0880000000000	-0.059903480109873	0.75770088475133
9.1120000000000	-0.052426080060197	0.76105466069694
9.1360000000000	-0.044922119215937	0.76428618900963
9.1600000000000	-0.037393659887759	0.76739655677982
9.1840000000000	-0.029842704253512	0.77038685836109
9.2080000000000	-0.022271196002750	0.77325819403142
9.2320000000000	-0.014681021953211	0.77601166874000
9.2560000000000	-0.0070740136381306	0.77864839093525
9.2800000000000	0.00054805113652257	0.78116947146998
9.3040000000000	0.0081834467656791	0.78357602257980
9.3280000000000	0.015830498350251	0.78586915693081
9.3520000000000	0.023487580234163	0.78804998673315
9.3760000000000	0.031153114573671	0.79011962291677
9.4000000000000	0.038825569939197	0.79207917436620
9.4240000000000	0.046503459949820	0.79392974721102
9.4480000000000	0.054185341940454	0.79567244416916
9.4720000000000	0.061869815661662	0.79730836394001
9.4960000000000	0.069555522011986	0.79883860064459
9.5200000000000	0.077241141802598	0.80026424331013
9.5440000000000	0.084925394554015	0.80158637539671
9.5680000000000	0.092607037324582	0.80280607436328
9.5920000000000	0.10028486357034	0.80392441127105
9.6160000000000	0.10795770203593	0.80494245042194
9.6400000000000	0.11562441567603	0.80586124903008
9.6640000000000	0.12328390060690	0.80668185692437
9.6880000000000	0.13093508508758	0.80740531628032
9.7120000000000	0.13857692853014	0.80803266137933
9.7360000000000	0.14620842053843	0.80856491839371
9.7600000000000	0.15382857997496	0.80900310519599
9.7840000000000	0.16143645405509	0.80934823119087
9.8080000000000	0.16903111746809	0.80960129716845
9.8320000000000	0.17661167152453	0.80976329517742
9.8560000000000	0.18417724332924	0.80983520841682
9.8800000000000	0.19172698497947	0.80981801114528
9.9040000000000	0.19926007278738	0.80971266860656
9.9280000000000	0.20677570652654	0.80952013697022
9.9520000000000	0.21427310870163	0.80924136328653
9.9760000000000	0.22175152384089	0.80887728545456
10.000000000000	0.22921021781063	0.80842883220257
10.024000000000	0.23664847715128	0.80789692307978
10.048000000000	0.24406560843436	0.80728246845883
10.072000000000	0.25146093763989	0.80658636954803
10.096000000000	0.25883380955349	0.80580951841272
10.120000000000	0.26618358718284	0.80495279800509
10.144000000000	0.27350965119283	0.80401708220174
10.168000000000	0.28081139935881	0.80300323584848
10.192000000000	0.28808824603762	0.80191211481165
10.216000000000	0.29533962165560	0.80074456603561
10.240000000000	0.30256497221337	0.79950142760567
10.264000000000	0.30976375880662	0.79818352881618
10.288000000000	0.31693545716266	0.79679169024323
10.312000000000	0.32407955719205	0.79532672382155
10.336000000000	0.33119556255499	0.79378943292525
10.360000000000	0.33828299024200	0.79218061245194
10.384000000000	0.34534137016834	0.79050104891003
10.408000000000	0.35237024478191	0.78875152050874
10.432000000000	0.35936916868408	0.78693279725056
10.456000000000	0.36633770826308	0.78504564102593
10.480000000000	0.37327544133963	0.78309080570979
10.504000000000	0.38018195682423	0.78106903725980
10.528000000000	0.38705685438603	0.77898107381593
10.552000000000	0.39389974413259	0.77682764580135
10.576000000000	0.40071024630044	0.77460947602418
10.600000000000	0.40748799095592	0.77232727978015
10.624000000000	0.41423261770611	0.76998176495585
10.648000000000	0.42094377541935	0.76757363213238
10.672000000000	0.42762112195525	0.76510357468939
10.696000000000	0.43426432390365	0.76257227890925
10.720000000000	0.44087305633247	0.75998042408117
10.744000000000	0.44744700254395	0.75732868260538
10.768000000000	0.45398585383915	0.75461772009691
10.792000000000	0.46048930929039	0.75184819548920
10.816000000000	0.46695707552129	0.74902076113723
10.840000000000	0.47338886649435	0.74613606292013
10.864000000000	0.47978440330561	0.74319474034322
10.888000000000	0.48614341398628	0.74019742663940
10.912000000000	0.49246563331107	0.73714474886978
10.936000000000	0.49875080261300	0.73403732802351
10.960000000000	0.50499866960451	0.73087577911674
10.984000000000	0.51120898820456	0.72766071129069
11.008000000000	0.51738151837162	0.72439272790876
11.032000000000	0.52351602594236	0.72107242665261
11.056000000000	0.52961228247572	0.71770039961722
11.080000000000	0.53567006510233	0.71427723340483
11.104000000000	0.54168915637902	0.71080350921783
11.128000000000	0.54766934414823	0.70727980295045
11.152000000000	0.55361042140228	0.70370668527934
11.176000000000	0.55951218615212	0.70008472175288
11.200000000000	0.56537444130064	0.69641447287940
11.224000000000	0.57119699452023	0.69269649421407
11.248000000000	0.57697965813448	0.68893133644464
11.272000000000	0.58272224900397	0.68511954547584
11.296000000000	0.58842458841586	0.68126166251266
11.320000000000	0.59408650197726	0.67735822414221
11.344000000000	0.59970781951224	0.67340976241444
11.368000000000	0.60528837496229	0.66941680492153
11.392000000000	0.61082800629022	0.66537987487601
11.416000000000	0.61632655538726	0.66129949118763
11.440000000000	0.62178386798338	0.65717616853897
11.464000000000	0.62719979356061	0.65301041745970
11.488000000000	0.63257418526929	0.64880274439969
11.512000000000	0.63790689984724	0.64455365180082
11.536000000000	0.64319779754159	0.64026363816748
11.560000000000	0.64844674203331	0.63593319813590
11.584000000000	0.65365360036429	0.63156282254223
11.608000000000	0.65881824286688	0.62715299848934
11.632000000000	0.66394054309586	0.62270420941246
11.656000000000	0.66902037776267	0.61821693514362
11.680000000000	0.67405762667191	0.61369165197481
11.704000000000	0.67905217265995	0.60912883272002
11.728000000000	0.68400390153570	0.60452894677612
11.752000000000	0.68891270202327	0.59989246018251
11.776000000000	0.69377846570667	0.59521983567969
11.800000000000	0.69860108697635	0.59051153276663
11.824000000000	0.70338046297754	0.58576800775709
11.848000000000	0.70811649356034	0.58098971383474
11.872000000000	0.71280908123151	0.57617710110728
11.896000000000	0.71745813110790	0.57133061665939
11.920000000000	0.72206355087138	0.56645070460469
11.944000000000	0.72662525072541	0.56153780613657
11.968000000000	0.73114314335297	0.55659235957807
11.992000000000	0.73561714387596	0.55161480043064
12.016000000000	0.74004716981596	0.54660556142197
12.040000000000	0.74443314105630	0.54156507255280
12.064000000000	0.74877497980542	0.53649376114270
12.088000000000	0.75307261056143	0.53139205187498
12.112000000000	0.75732596007793	0.52626036684058
12.136000000000	0.76153495733086	0.52109912558106
12.160000000000	0.76569953348658	0.51590874513061
12.184000000000	0.76981962187095	0.51068964005725
12.208000000000	0.77389515793944	0.50544222250308
12.232000000000	0.77792607924828	0.50016690222363
12.256000000000	0.78191232542653	0.49486408662643
12.280000000000	0.78585383814908	0.48953418080863
12.304000000000	0.78975056111059	0.48417758759389
12.328000000000	0.79360244000022	0.47879470756837
12.352000000000	0.79740942247729	0.47338593911597
12.376000000000	0.80117145814764	0.46795167845271
12.400000000000	0.80488849854084	0.46249231966047
12.424000000000	0.80856049708815	0.45700825471977
12.448000000000	0.81218740910114	0.45149987354199
12.472000000000	0.81576919175106	0.44596756400074
12.496000000000	0.81930580404889	0.44041171196253
12.520000000000	0.82279720682600	0.43483270131675
12.544000000000	0.82624336271546	0.42923091400496
12.568000000000	0.82964423613396	0.42360673004943
12.592000000000	0.83299979326428	0.41796052758114
12.616000000000	0.83631000203838	0.41229268286693
12.640000000000	0.83957483212094	0.40660357033621
12.664000000000	0.84279425489353	0.40089356260691
12.688000000000	0.84596824343920	0.39516303051078
12.712000000000	0.84909677252761	0.38941234311824
12.736000000000	0.85217981860056	0.38364186776244
12.760000000000	0.85521735975807	0.37785197006285
12.784000000000	0.85820937574478	0.37204301394826
12.808000000000	0.86115584793689	0.36621536167918
12.832000000000	0.86405675932937	0.36036937386973
12.856000000000	0.86691209452368	0.35450540950892
12.880000000000	0.86972183971580	0.34862382598149
12.904000000000	0.87248598268464	0.34272497908813
12.928000000000	0.87520451278074	0.33680922306531
12.952000000000	0.87787742091544	0.33087691060443
12.976000000000	0.88050469955022	0.32492839287071
13.000000000000	0.88308634268642	0.31896401952136
13.024000000000	0.88562234585531	0.31298413872348
13.048000000000	0.88811270610831	0.30698909717133
13.072000000000	0.89055742200762	0.30097924010331
13.096000000000	0.89295649361708	0.29495491131833
13.120000000000	0.89530992249318	0.28891645319190
13.144000000000	0.89761771167652	0.28286420669166
13.168000000000	0.89987986568329	0.27679851139262
13.192000000000	0.90209639049712	0.27071970549183
13.216000000000	0.90426729356113	0.26462812582287
13.240000000000	0.90639258377009	0.25852410786970
13.264000000000	0.90847227146294	0.25240798578033
13.288000000000	0.91050636841536	0.24628009238002
13.312000000000	0.91249488783261	0.24014075918408
13.336000000000	0.91443784434249	0.23399031641041
13.360000000000	0.91633525398858	0.22782909299162
13.384000000000	0.91818713422347	0.22165741658676
13.408000000000	0.91999350390231	0.21547561359287
13.432000000000	0.92175438327643	0.20928400915599
13.456000000000	0.92346979398712	0.20308292718204
13.480000000000	0.92513975905956	0.19687269034722
13.504000000000	0.92676430289683	0.19065362010824
13.528000000000	0.92834345127415	0.18442603671214
13.552000000000	0.92987723133314	0.17819025920587
13.576000000000	0.93136567157627	0.17194660544556
13.600000000000	0.93280880186134	0.16569539210551
13.624000000000	0.93420665339617	0.15943693468688
13.648000000000	0.93555925873331	0.15317154752617
13.672000000000	0.93686665176487	0.14689954380335
13.696000000000	0.93812886771748	0.14062123554977
13.720000000000	0.93934594314727	0.13433693365585
13.744000000000	0.94051791593499	0.12804694787846
13.768000000000	0.94164482528120	0.12175158684808
13.792000000000	0.94272671170151	0.11545115807571
13.816000000000	0.94376361702192	0.10914596795959
13.840000000000	0.94475558437425	0.10283632179165
13.864000000000	0.94570265819156	0.096522523763738
13.888000000000	0.94660488420371	0.090204876973629
13.912000000000	0.94746230943295	0.083883683430859
13.936000000000	0.94827498218958	0.077559244062302
13.960000000000	0.94904295206763	0.071231858717566
13.984000000000	0.94976626994060	0.064901826174190
14.008000000000	0.95044498795732	0.058569444142641
14.032000000000	0.95107915953773	0.052235009271121
14.056000000000	0.95166883936884	0.045898817150188
14.080000000000	0.95221408340057	0.039561162317200
14.104000000000	0.95271494884183	0.033222338260573
14.128000000000	0.95317149415642	0.026882637423872
14.152000000000	0.95358377905913	0.020542351209727
14.176000000000	0.95395186451183	0.014201769983590
14.200000000000	0.95427581271949	0.0078611830773195
14.224000000000	0.95455568712640	0.0015208787926198
14.248000000000	0.95479155241225	-0.0048188555956866
14.272000000000	0.95498347448837	-0.011157733836529
14.296000000000	0.95513152049389	-0.017495470699614
14.320000000000	0.95523575879197	-0.023831781972581
14.344000000000	0.95529625896607	-0.030166384458319
14.368000000000	0.95531309181618	-0.036498995972404
14.392000000000	0.95528632935507	-0.042829335340672
14.416000000000	0.95521604480467	-0.049157122396939
14.440000000000	0.95510231259228	-0.055482077980822
14.464000000000	0.95494520834693	-0.061803923935715
14.488000000000	0.95474480889570	-0.068122383106858
14.512000000000	0.95450119226007	-0.074437179339549
14.536000000000	0.95421443765224	-0.080748037477457
14.560000000000	0.95388462547151	-0.087054683361054
14.584000000000	0.95351183730060	-0.093356843826155
14.608000000000	0.95309615590207	-0.099654246702572
14.632000000000	0.95263766521464	-0.10594662081286
14.656000000000	0.95213645034959	-0.11223369597120
14.680000000000	0.95159259758713	-0.11851520298230
14.704000000000	0.95100619437278	-0.12479087364052
14.728000000000	0.95037732931373	-0.13106044072899
14.752000000000	0.94970609217524	-0.13732363801883
14.776000000000	0.94899257387702	-0.14358020026853
14.800000000000	0.94823686648960	-0.14982986322335
14.824000000000	0.94743906323070	-0.15607236361482
14.848000000000	0.94659925846159	-0.16230743916035
14.872000000000	0.94571754768351	-0.16853482856290
14.896000000000	0.94479402753399	-0.17475427151073
14.920000000000	0.94382879578322	-0.18096550867725
14.944000000000	0.94282195133042	-0.18716828172090
14.968000000000	0.94177359420019	-0.19336233328516
14.992000000000	0.94068382553885	-0.19954740699859
15.016000000000	0.93955274761077	-0.20572324747495
15.040000000000	0.93838046379474	-0.21188960031344
15.064000000000	0.93716707858026	-0.21804621209887
15.088000000000	0.93591269756386	-0.22419283040209
15.112000000000	0.93461742744546	-0.23032920378029
15.136000000000	0.93328137602460	-0.23645508177751
15.160000000000	0.93190465219680	-0.24257021492512
15.184000000000	0.93048736594980	-0.24867435474241
15.208000000000	0.92902962835987	-0.25476725373720
15.232000000000	0.92753155158806	-0.26084866540652
15.256000000000	0.92599324887647	-0.26691834423734
15.280000000000	0.92441483454449	-0.27297604570741
15.304000000000	0.92279642398502	-0.27902152628602
15.328000000000	0.92113813366076	-0.28505454343495
15.352000000000	0.91944008110036	-0.29107485560936
15.376000000000	0.91770238489465	-0.29708222225884
15.400000000000	0.91592516469285	-0.30307640382836
15.424000000000	0.91410854119876	-0.30905716175942
15.448000000000	0.91225263616690	-0.31502425849112
15.472000000000	0.91035757239870	-0.32097745746133
15.496000000000	0.90842347373864	-0.32691652310791
15.520000000000	0.90645046507040	-0.33284122086993
15.544000000000	0.90443867231299	-0.33875131718898
15.568000000000	0.90238822241683	-0.34464657951046
15.592000000000	0.90029924335992	-0.35052677628494
15.616000000000	0.89817186414386	-0.35639167696957
15.640000000000	0.89600621478999	-0.36224105202949
15.664000000000	0.89380242633540	-0.36807467293930
15.688000000000	0.89156063082905	-0.37389231218453
15.712000000000	0.88928096132775	-0.37969374326321
15.736000000000	0.88696355189224	-0.38547874068739
15.760000000000	0.88460853758318	-0.39124707998471
15.784000000000	0.88221605445714	-0.39699853770008
15.808000000000	0.87978623956264	-0.40273289139727
15.832000000000	0.87731923093609	-0.40844991966057
15.856000000000	0.87481516759776	-0.41414940209656
15.880000000000	0.87227418954777	-0.41983111933575
15.904000000000	0.86969643776196	-0.42549485303439
15.928000000000	0.86708205418789	-0.43114038587623
15.952000000000	0.86443118174071	-0.43676750157428
15.976000000000	0.86174396429907	-0.44237598487270
16.000000000000	0.85902054670103	-0.44796562154857
16.024000000000	0.85626107473990	-0.45353619841384
16.048000000000	0.85346569516012	-0.45908750331712
16.072000000000	0.85063455565310	-0.46461932514567
16.096000000000	0.84776780485308	-0.47013145382727
16.120000000000	0.84486559233292	-0.47562368033222
16.144000000000	0.84192806859991	-0.48109579667526
16.168000000000	0.83895538509158	-0.48654759591755
16.192000000000	0.83594769417148	-0.49197887216874
16.216000000000	0.83290514912493	-0.49738942058888
16.240000000000	0.82982790415479	-0.50277903739057
16.264000000000	0.82671611437720	-0.50814751984091
16.288000000000	0.82356993581729	-0.51349466626363
16.312000000000	0.82038952540489	-0.51882027604116
16.336000000000	0.81717504097026	-0.52412414961670
16.360000000000	0.81392664123974	-0.52940608849635
16.384000000000	0.81064448583143	-0.53466589525124
16.408000000000	0.80732873525086	-0.53990337351964
16.432000000000	0.80397955088661	-0.54511832800913
16.456000000000	0.80059709500596	-0.55031056449878
16.480000000000	0.79718153075046	-0.55547988984125
16.504000000000	0.79373302213159	-0.56062611196508
16.528000000000	0.79025173402630	-0.56574903987678
16.552000000000	0.78673783217259	-0.57084848366312
16.576000000000	0.78319148316507	-0.57592425449329
16.600000000000	0.77961285445049	-0.58097616462115
16.624000000000	0.77600211432329	-0.58600402738748
16.648000000000	0.77235943192106	-0.59100765722218
16.672000000000	0.76868497722011	-0.59598686964657
16.696000000000	0.76497892103086	-0.60094148127564
16.720000000000	0.76124143499339	-0.60587130982028
16.744000000000	0.75747269157284	-0.61077617408962
16.768000000000	0.75367286405484	-0.61565589399328
16.792000000000	0.74984212654095	-0.62051029054365
16.816000000000	0.74598065394406	-0.62533918585822
16.840000000000	0.74208862198378	-0.63014240316186
16.864000000000	0.73816620718177	-0.63491976678915
16.888000000000	0.73421358685716	-0.63967110218668
16.912000000000	0.73023093912182	-0.64439623591540
16.936000000000	0.72621844287575	-0.64909499565289
16.960000000000	0.72217627780230	-0.65376721019575
16.984000000000	0.71810462436355	-0.65841270946193
17.008000000000	0.71400366379552	-0.66303132449303
17.032000000000	0.70987357810342	-0.66762288745669
17.056000000000	0.70571455005693	-0.67218723164891
17.080000000000	0.70152676318537	-0.67672419149640
17.104000000000	0.69731040177295	-0.68123360255898
17.128000000000	0.69306565085390	-0.68571530153186
17.152000000000	0.68879269620767	-0.69016912624809
17.176000000000	0.68449172435407	-0.69459491568082
17.200000000000	0.68016292254839	-0.69899250994578
17.224000000000	0.67580647877649	-0.70336175030353
17.248000000000	0.67142258174994	-0.70770247916190
17.272000000000	0.66701142090105	-0.71201454007835
17.296000000000	0.66257318637792	-0.71629777776232
17.320000000000	0.65810806903950	-0.72055203807758
17.344000000000	0.65361626045057	-0.72477716804466
17.368000000000	0.64909795287674	-0.72897301584315
17.392000000000	0.64455333927945	-0.73313943081411
17.416000000000	0.63998261331085	-0.73727626346243
17.440000000000	0.63538596930880	-0.74138336545919
17.464000000000	0.63076360229175	-0.74546058964400
17.488000000000	0.62611570795360	-0.74950779002742
17.512000000000	0.62144248265861	-0.75352482179325
17.536000000000	0.61674412343620	-0.75751154130096
17.560000000000	0.61202082797580	-0.76146780608798
17.584000000000	0.60727279462162	-0.76539347487208
17.608000000000	0.60250022236745	-0.76928840755372
17.632000000000	0.59770331085139	-0.77315246521839
17.656000000000	0.59288226035056	-0.77698551013895
17.680000000000	0.58803727177586	-0.78078740577795
17.704000000000	0.58316854666659	-0.78455801678998
17.728000000000	0.57827628718511	-0.78829720902399
17.752000000000	0.57336069611150	-0.79200484952559
17.776000000000	0.56842197683815	-0.79568080653940
17.800000000000	0.56346033336430	-0.79932494951129
17.824000000000	0.55847597029065	-0.80293714909076
17.848000000000	0.55346909281384	-0.80651727713317
17.872000000000	0.54843990672096	-0.81006520670205
17.896000000000	0.54338861838403	-0.81358081207136
17.920000000000	0.53831543475443	-0.81706396872777
17.944000000000	0.53322056335732	-0.82051455337291
17.968000000000	0.52810421228602	-0.82393244392560
17.992000000000	0.52296659019639	-0.82731751952413
18.016000000000	0.51780790630111	-0.83066966052844
18.040000000000	0.51262837036405	-0.83398874852236
18.064000000000	0.50742819269446	-0.83727466631579
18.088000000000	0.50220758414128	-0.84052729794694
18.112000000000	0.49696675608731	-0.84374652868444
18.136000000000	0.49170592044337	-0.84693224502955
18.160000000000	0.48642528964249	-0.85008433471832
18.184000000000	0.48112507663401	-0.85320268672367
18.208000000000	0.47580549487762	-0.85628719125756
18.232000000000	0.47046675833747	-0.85933773977309
18.256000000000	0.46510908147614	-0.86235422496657
18.280000000000	0.45973267924865	-0.86533654077960
18.304000000000	0.45433776709636	-0.86828458240112
18.328000000000	0.44892456094095	-0.87119824626946
18.352000000000	0.44349327717823	-0.87407743007434
18.376000000000	0.43804413267203	-0.87692203275887
18.400000000000	0.43257734474799	-0.87973195452155
18.424000000000	0.42709313118730	-0.88250709681818
18.448000000000	0.42159171022047	-0.88524736236382
18.472000000000	0.41607330052100	-0.88795265513472
18.496000000000	0.41053812119906	-0.89062288037016
18.520000000000	0.40498639179508	-0.89325794457435
18.544000000000	0.39941833227333	-0.89585775551825
18.568000000000	0.39383416301547	-0.89842222224139
18.592000000000	0.38823410481405	-0.90095125505364
18.616000000000	0.38261837886596	-0.90344476553698
18.640000000000	0.37698720676585	-0.90590266654724
18.664000000000	0.37134081049949	-0.90832487221575
18.688000000000	0.36567941243712	-0.91071129795107
18.712000000000	0.36000323532675	-0.91306186044056
18.736000000000	0.35431250228737	-0.91537647765203
18.760000000000	0.34860743680219	-0.91765506883531
18.784000000000	0.34288826271175	-0.91989755452374
18.808000000000	0.33715520420711	-0.92210385653571
18.832000000000	0.33140848582283	-0.92427389797610
18.856000000000	0.32564833243006	-0.92640760323771
18.880000000000	0.31987496922948	-0.92850489800263
18.904000000000	0.31408862174423	-0.93056570924362
18.928000000000	0.30828951581281	-0.93258996522535
18.952000000000	0.30247787758188	-0.93457759550570
18.976000000000	0.29665393349907	-0.93652853093696
19.000000000000	0.29081791030570	-0.93844270366700
19.024000000000	0.28497003502947	-0.94032004714039
19.048000000000	0.27911053497707	-0.94216049609945
19.072000000000	0.27323963772679	-0.94396398658529
19.096000000000	0.26735757112103	-0.94573045593879
19.120000000000	0.26146456325879	-0.94745984280147
19.144000000000	0.25556084248806	-0.94915208711640
19.168000000000	0.24964663739822	-0.95080713012897
19.192000000000	0.24372217681235	-0.95242491438764
19.216000000000	0.23778768977947	-0.95400538374466
19.240000000000	0.23184340556675	-0.95554848335663
19.264000000000	0.22588955365167	-0.95705415968512
19.288000000000	0.21992636371406	-0.95852236049713
19.312000000000	0.21395406562821	-0.95995303486554
19.336000000000	0.20797288945475	-0.96134613316945
19.360000000000	0.20198306543264	-0.96270160709447
19.384000000000	0.19598482397095	-0.96401940963296
19.408000000000	0.18997839564071	-0.96529949508413
19.432000000000	0.18396401116659	-0.96654181905413
19.456000000000	0.17794190141860	-0.96774633845604
19.480000000000	0.17191229740369	-0.96891301150974
19.504000000000	0.16587543025723	-0.97004179774174
19.528000000000	0.15983153123458	-0.97113265798491
19.552000000000	0.15378083170241	-0.97218555437814
19.576000000000	0.14772356313008	-0.97320045036584
19.600000000000	0.14165995708091	-0.97417731069746
19.624000000000	0.13559024520338	-0.97511610142678
19.648000000000	0.12951465922227	-0.97601678991120
19.672000000000	0.12343343092970	-0.97687934481092
19.696000000000	0.11734679217618	-0.97770373608793
19.720000000000	0.11125497486145	-0.97848993500499
19.744000000000	0.10515821092542	-0.97923791412445
19.768000000000	0.099056732338858	-0.97994764730698
19.792000000000	0.092950771094160	-0.98061910971011
19.816000000000	0.086840559195934	-0.98125227778677
19.840000000000	0.080726328651559	-0.98184712928358
19.864000000000	0.074608311461655	-0.98240364323911
19.888000000000	0.068486739610474	-0.98292179998196
19.912000000000	0.062361845056204	-0.98340158112867
19.936000000000	0.056233859721203	-0.98384296958158
19.960000000000	0.050103015482141	-0.98424594952647
19.984000000000	0.043969544160069	-0.98461050643008
20.008000000000	0.037833677510387	-0.98493662703744
20.032000000000	0.031695647212739	-0.98522429936915
20.056000000000	0.025555684860820	-0.98547351271834
20.080000000000	0.019414021952086	-0.98568425764759
20.104000000000	0.013270889877378	-0.98585652598563
20.128000000000	0.0071265199104552	-0.98599031082384
20.152000000000	0.00098114319743646	-0.98608560651263
20.176000000000	-0.0051650092538573	-0.98614240865756
20.200000000000	-0.011311706584654	-0.98616071411534
20.224000000000	-0.017458718096083	-0.98614052098955
20.248000000000	-0.023605813260118	-0.98608182862620
20.272000000000	-0.029752761730634	-0.98598463760913
20.296000000000	-0.035899333354554	-0.98584894975507
20.320000000000	-0.042045298183114	-0.98567476810855
20.344000000000	-0.048190426483224	-0.98546209693663
20.368000000000	-0.054334488748940	-0.98521094172325
20.392000000000	-0.060477255713050	-0.98492130916346
20.416000000000	-0.066618498358774	-0.98459320715734
20.440000000000	-0.072757987931572	-0.98422664480366
20.464000000000	-0.078895495951070	-0.98382163239328
20.488000000000	-0.085030794223121	-0.98337818140229
20.512000000000	-0.091163654851958	-0.98289630448477
20.536000000000	-0.097293850252506	-0.98237601546542
20.560000000000	-0.10342115316279	-0.98181732933170
20.584000000000	-0.10954533665650	-0.98122026222577
20.608000000000	-0.11566617415567	-0.98058483143608
20.632000000000	-0.12178343944349	-0.97991105538859
20.656000000000	-0.12789690667726	-0.97919895363769
20.680000000000	-0.13400635040153	-0.97844854685669
20.704000000000	-0.14011154556130	-0.97765985682800
20.728000000000	-0.14621226751543	-0.97683290643291
20.752000000000	-0.15230829205019	-0.97596771964095
20.776000000000	-0.15839939539294	-0.97506432149885
20.800000000000	-0.16448535422602	-0.97412273811907
20.824000000000	-0.17056594570077	-0.97314299666790
20.848000000000	-0.17664094745169	-0.97212512535309
20.872000000000	-0.18271013761084	-0.97106915341100
20.896000000000	-0.18877329482237	-0.96997511109327
20.920000000000	-0.19483019825722	-0.96884302965299
20.944000000000	-0.20088062762805	-0.96767294133036
20.968000000000	-0.20692436320435	-0.96646487933772
20.992000000000	-0.21296118582770	-0.96521887784411
21.016000000000	-0.21899087692731	-0.96393497195924
21.040000000000	-0.22501321853568	-0.96261319771675
21.064000000000	-0.23102799330457	-0.96125359205698
21.088000000000	-0.23703498452110	-0.95985619280898
21.112000000000	-0.24303397612417	-0.95842103867188
21.136000000000	-0.24902475272100	-0.95694816919556
21.160000000000	-0.25500709960403	-0.95543762476060
21.184000000000	-0.26098080276801	-0.95388944655741
21.208000000000	-0.26694564892731	-0.95230367656465
21.232000000000	-0.27290142553361	-0.95068035752676
21.256000000000	-0.27884792079373	-0.94901953293068
21.280000000000	-0.28478492368785	-0.94732124698167
21.304000000000	-0.29071222398799	-0.94558554457819
21.328000000000	-0.29662961227674	-0.94381247128583
21.352000000000	-0.30253687996641	-0.94200207331025
21.376000000000	-0.30843381931839	-0.94015439746906
21.400000000000	-0.31432022346298	-0.93826949116261
21.424000000000	-0.32019588641943	-0.93634740234366
21.448000000000	-0.32606060311642	-0.93438817948587
21.472000000000	-0.33191416941294	-0.93239187155105
21.496000000000	-0.33775638211949	-0.93035852795512
21.520000000000	-0.34358703901973	-0.92828819853277
21.544000000000	-0.34940593889253	-0.92618093350063
21.568000000000	-0.35521288153450	-0.92403678341912
21.592000000000	-0.36100766778288	-0.92185579915261
21.616000000000	-0.36679009953903	-0.91963803182813
21.640000000000	-0.37255997979230	-0.91738353279230
21.664000000000	-0.37831711264447	-0.91509235356660
21.688000000000	-0.38406130333469	-0.91276454580078
21.712000000000	-0.38979235826502	-0.91040016122432
21.736000000000	-0.39551008502649	-0.90799925159598
21.760000000000	-0.40121429242580	-0.90556186865118
21.784000000000	-0.40690479051263	-0.90308806404723
21.808000000000	-0.41258139060761	-0.90057788930622
21.832000000000	-0.41824390533097	-0.89803139575554
21.856000000000	-0.42389214863191	-0.89544863446583
21.880000000000	-0.42952593581869	-0.89282965618633
21.904000000000	-0.43514508358953	-0.89017451127737
21.928000000000	-0.44074941006430	-0.88748324964001
21.952000000000	-0.44633873481707	-0.88475592064251
21.976000000000	-0.45191287890949	-0.88199257304367
22.000000000000	-0.45747166492523	-0.87919325491268
22.024000000000	-0.46301491700526	-0.87635801354544
22.048000000000	-0.46854246088418	-0.87348689537710
22.072000000000	-0.47405412392766	-0.87057994589066
22.096000000000	-0.47954973517098	-0.86763720952130
22.120000000000	-0.48502912535868	-0.86465872955642
22.144000000000	-0.49049212698552	-0.86164454803099
22.168000000000	-0.49593857433864	-0.85859470561794
22.192000000000	-0.50136830354118	-0.85550924151347
22.216000000000	-0.50678115259718	-0.85238819331688
22.240000000000	-0.51217696143807	-0.84923159690455
22.264000000000	-0.51755557197070	-0.84603948629792
22.288000000000	-0.52291682812694	-0.84281189352498
22.312000000000	-0.52826057591510	-0.83954884847489
22.336000000000	-0.53358666347311	-0.83625037874551
22.360000000000	-0.53889494112358	-0.83291650948309
22.384000000000	-0.54418526143093	-0.82954726321403
22.408000000000	-0.54945747926056	-0.82614265966791
22.432000000000	-0.55471145184030	-0.82270271559151
22.456000000000	-0.55994703882411	-0.81922744455306
22.480000000000	-0.56516410235837	-0.81571685673628
22.504000000000	-0.57036250715063	-0.81217095872346
22.528000000000	-0.57554212054116	-0.80858975326694
22.552000000000	-0.58070281257742	-0.80497323904827
22.576000000000	-0.58584445609147	-0.80132141042416
22.600000000000	-0.59096692678064	-0.79763425715853
22.624000000000	-0.59607010329165	-0.79391176413951
22.648000000000	-0.60115386730814	-0.79015391108069
22.672000000000	-0.60621810364217	-0.78636067220524
22.696000000000	-0.61126270032953	-0.78253201591208
22.720000000000	-0.61628754872939	-0.77866790442250
22.744000000000	-0.62129254362831	-0.77476829340630
22.768000000000	-0.62627758334902	-0.77083313158561
22.792000000000	-0.63124256986418	-0.76686236031515
22.816000000000	-0.63618740891531	-0.76285591313706
22.840000000000	-0.64111201013743	-0.75881371530850
22.864000000000	-0.64601628718949	-0.75473568330018
22.888000000000	-0.65090015789109	-0.75062172426341
22.912000000000	-0.65576354436581	-0.74647173546366
22.936000000000	-0.66060637319153	-0.74228560367786
22.960000000000	-0.66542857555814	-0.73806320455285
22.984000000000	-0.67023008743318	-0.73380440192183
23.008000000000	-0.67501084973573	-0.72950904707582
23.032000000000	-0.67977080851914	-0.72517697798631
23.056000000000	-0.68450991516319	-0.72080801847543
23.080000000000	-0.68922812657604	-0.71640197732932
23.104000000000	-0.69392540540677	-0.71195864735019
23.128000000000	-0.69860172026907	-0.70747780434195
23.152000000000	-0.70325704597666	-0.70295920602390
23.176000000000	-0.70789136379133	-0.69840259086651
23.200000000000	-0.71250466168418	-0.69380767684257
23.224000000000	-0.71709693461094	-0.68917416008643
23.248000000000	-0.72166818480217	-0.68450171345347
23.272000000000	-0.72621842206925	-0.67978998497072
23.296000000000	-0.73074766412703	-0.67503859616918
23.320000000000	-0.73525593693422	-0.67024714028687
23.344000000000	-0.73974327505230	-0.66541518033108
23.368000000000	-0.74420972202434	-0.66054224698631
23.392000000000	-0.74865533077447	-0.65562783635387
23.416000000000	-0.75308016402938	-0.65067140750662
23.440000000000	-0.75748429476289	-0.64567237984128
23.464000000000	-0.76186780666477	-0.64063013020841
23.488000000000	-0.76623079463499	-0.63554398979784
23.512000000000	-0.77057336530464	-0.63041324075503
23.536000000000	-0.77489563758453	-0.62523711250087
23.560000000000	-0.77919774324268	-0.62001477772401
23.584000000000	-0.78347982751164	-0.61474534801143
23.608000000000	-0.78774204972658	-0.60942786907855
23.632000000000	-0.79198458399467	-0.60406131555540
23.656000000000	-0.79620761989642	-0.59864458528012
23.680000000000	-0.80041136321893	-0.59317649304458
23.704000000000	-0.80459603672075	-0.58765576372998
23.728000000000	-0.80876188092742	-0.58208102476209
23.752000000000	-0.81290915495608	-0.57645079780620
23.776000000000	-0.81703813736651	-0.57076348961141
23.800000000000	-0.82114912703475	-0.56501738190098
23.824000000000	-0.82524244404396	-0.55921062019124
23.848000000000	-0.82931843058516	-0.55334120140478
23.872000000000	-0.83337745185805	-0.54740696012403
23.896000000000	-0.83741989695897	-0.54140555330876
23.920000000000	-0.84144617973902	-0.53533444327429
23.944000000000	-0.84545673961054	-0.52919087869636
23.968000000000	-0.84945204227365	-0.52297187337183
23.992000000000	-0.85343258032674	-0.51667418242156
24.016000000000	-0.85739887371463	-0.51029427557087
24.040000000000	-0.86135146995541	-0.50382830708281
24.064000000000	-0.86529094407077	-0.49727208184817
24.088000000000	-0.86921789812423	-0.49062101705032
24.112000000000	-0.87313296024514	-0.48387009872189
24.136000000000	-0.87703678298348	-0.47701383238691
24.160000000000	-0.88093004079708	-0.47004618683570
24.184000000000	-0.88481342641851	-0.46296052990103
24.208000000000	-0.88868764577768	-0.45574955488845
24.232000000000	-0.89255341106500	-0.44840519605067
24.256000000000	-0.89641143140070	-0.44091853117462
24.280000000000	-0.90026240042148	-0.43327966895466
24.304000000000	-0.90410697989223	-0.42547761833983
24.328000000000	-0.90794577818397	-0.41750013644009
24.352000000000	-0.91177932210575	-0.40933355082779
24.376000000000	-0.91560802010892	-0.40096255113483
24.400000000000	-0.91943211425381	-0.39236994367057
24.424000000000	-0.92325161748410	-0.38353636130353
24.448000000000	-0.92706623160901	-0.37443991896970
24.472000000000	-0.93087523983246	-0.36505580277530
24.496000000000	-0.93467736552325	-0.35535577759260
24.520000000000	-0.93847058595015	-0.34530759409683
24.544000000000	-0.94225188555973	-0.33487427107890
24.568000000000	-0.94601692753495	-0.32401322221993
24.592000000000	-0.94975961407181	-0.31267518782718
24.616000000000	-0.95347149389547	-0.30080292063763
24.640000000000	-0.95714095825160	-0.28832955980344
24.664000000000	-0.96075214125623	-0.27517660740922
24.688000000000	-0.96428340286517	-0.26125139582368
24.712000000000	-0.96770521620091	-0.24644389998555
24.736000000000	-0.97097719494544	-0.23062270423062
24.760000000000	-0.97404386377325	-0.21362987648701
24.784000000000	-0.97682856708679	-0.19527443291082
24.808000000000	-0.97922458151144	-0.17532399688268
24.832000000000	-0.98108196621226	-0.15349418274029
24.856000000000	-0.98218781658445	-0.12943521002468
24.880000000000	-0.98223614879984	-0.10271538977382
24.904000000000	-0.98078123729617	-0.072801693510126
24.928000000000	-0.97716418681993	-0.039039274177749
24.952000000000	-0.97039578661293	-0.00063612333230290
24.976000000000	-0.95896784740039	0.043330246783499
25.000000000000	-0.94054942628234	0.093841290761371
