#Parameters = {d=9.5051559838931; d_passa_faixa=11.118252561128; e=3.984381e-11; l=5; p=10.89725559975; p_passa_faixa=11.773094507628; phi=0; r=281.16907657059; theta=0; u=1.2566e-06; w=1.9837076625897; w_passa_faixa=0.13385049465315; z_fss=0.2}
#"Frequency / GHz"	"SZmax(1),Zmax(1) (2) [Real/Imaginary Part] [Re]"	"SZmax(1),Zmax(1) (2) [Real/Imaginary Part] [Im]"
#---------------------------------------------------------------------------------------------------------------------
1.0000000000000	-0.046949937241429	-0.11712410180898
1.0240000000000	-0.049450893724026	-0.11937140013240
1.0480000000000	-0.052004874333540	-0.12157700114926
1.0720000000000	-0.054611189107267	-0.12373998216276
1.0960000000000	-0.057269134548213	-0.12585943272021
1.1200000000000	-0.059977993847689	-0.12793445474438
1.1440000000000	-0.062737037106486	-0.12996416266147
1.1680000000000	-0.065545521554603	-0.13194768352592
1.1920000000000	-0.068402691769542	-0.13388415714229
1.2160000000000	-0.071307779893222	-0.13577273618415
1.2400000000000	-0.074260005847512	-0.13761258631030
1.2640000000000	-0.077258577548400	-0.13940288627834
1.2880000000000	-0.080302691118867	-0.14114282805575
1.3120000000000	-0.083391531100495	-0.14283161692857
1.3360000000000	-0.086524270663816	-0.14446847160786
1.3600000000000	-0.089700071817496	-0.14605262433393
1.3840000000000	-0.092918085616391	-0.14758332097859
1.4080000000000	-0.096177452368491	-0.14905982114536
1.4320000000000	-0.099477301840873	-0.15048139826792
1.4560000000000	-0.10281675346465	-0.15184733970665
1.4800000000000	-0.10619491653906	-0.15315694684361
1.5040000000000	-0.10961089043464	-0.15440953517580
1.5280000000000	-0.11306376479571	-0.15560443440695
1.5520000000000	-0.11655261974209	-0.15674098853776
1.5760000000000	-0.12007652607015	-0.15781855595481
1.6000000000000	-0.12363454545338	-0.15883650951806
1.6240000000000	-0.12722573064236	-0.15979423664703
1.6480000000000	-0.13084912566439	-0.16069113940579
1.6720000000000	-0.13450376602268	-0.16152663458673
1.6960000000000	-0.13818867889531	-0.16230015379307
1.7200000000000	-0.14190288333399	-0.16301114352032
1.7440000000000	-0.14564539046263	-0.16365906523662
1.7680000000000	-0.14941520367597	-0.16424339546196
1.7920000000000	-0.15321131883802	-0.16476362584634
1.8160000000000	-0.15703272448084	-0.16521926324691
1.8400000000000	-0.16087840200326	-0.16560982980400
1.8640000000000	-0.16474732586998	-0.16593486301622
1.8880000000000	-0.16863846381090	-0.16619391581442
1.9120000000000	-0.17255077702087	-0.16638655663466
1.9360000000000	-0.17648322035982	-0.16651236949017
1.9600000000000	-0.18043474255353	-0.16657095404219
1.9840000000000	-0.18440428639482	-0.16656192566983
2.0080000000000	-0.18839078894551	-0.16648491553873
2.0320000000000	-0.19239318173903	-0.16633957066870
2.0560000000000	-0.19641039098383	-0.16612555400027
2.0800000000000	-0.20044133776763	-0.16584254445994
2.1040000000000	-0.20448493826249	-0.16549023702435
2.1280000000000	-0.20854010393090	-0.16506834278317
2.1520000000000	-0.21260574173288	-0.16457658900079
2.1760000000000	-0.21668075433405	-0.16401471917661
2.2000000000000	-0.22076404031486	-0.16338249310406
2.2240000000000	-0.22485449438099	-0.16267968692814
2.2480000000000	-0.22895100757484	-0.16190609320162
2.2720000000000	-0.23305246748837	-0.16106152093964
2.2960000000000	-0.23715775847712	-0.16014579567279
2.3200000000000	-0.24126576187562	-0.15915875949858
2.3440000000000	-0.24537535621401	-0.15810027113126
2.3680000000000	-0.24948541743622	-0.15697020594987
2.3920000000000	-0.25359481911931	-0.15576845604448
2.4160000000000	-0.25770243269448	-0.15449493026064
2.4400000000000	-0.26180712766928	-0.15314955424182
2.4640000000000	-0.26590777185150	-0.15173227046990
2.4880000000000	-0.27000323157434	-0.15024303830359
2.5120000000000	-0.27409237192321	-0.14868183401467
2.5360000000000	-0.27817405696392	-0.14704865082210
2.5600000000000	-0.28224714997245	-0.14534349892376
2.5840000000000	-0.28631051366615	-0.14356640552588
2.6080000000000	-0.29036301043648	-0.14171741487004
2.6320000000000	-0.29440350258322	-0.13979658825762
2.6560000000000	-0.29843085255018	-0.13780400407172
2.6800000000000	-0.30244392316238	-0.13573975779639
2.7040000000000	-0.30644157786463	-0.13360396203309
2.7280000000000	-0.31042268096167	-0.13139674651441
2.7520000000000	-0.31438609785960	-0.12911825811482
2.7760000000000	-0.31833069530880	-0.12676866085850
2.8000000000000	-0.32225534164808	-0.12434813592410
2.8240000000000	-0.32615890705037	-0.12185688164637
2.8480000000000	-0.33004026376948	-0.11929511351461
2.8720000000000	-0.33389828638828	-0.11666306416788
2.8960000000000	-0.33773185206801	-0.11396098338671
2.9200000000000	-0.34153984079879	-0.11118913808159
2.9440000000000	-0.34532113565125	-0.10834781227783
2.9680000000000	-0.34907462302924	-0.10543730709686
2.9920000000000	-0.35279919292355	-0.10245794073397
3.0160000000000	-0.35649373916655	-0.099410048432172
3.0400000000000	-0.36015715968783	-0.096293982452532
3.0640000000000	-0.36378835677056	-0.093110112040419
3.0880000000000	-0.36738623730871	-0.089858823387953
3.1120000000000	-0.37094971306488	-0.086540519592476
3.1360000000000	-0.37447770092890	-0.083155620610987
3.1600000000000	-0.37796912317683	-0.079704563210443
3.1840000000000	-0.38142290773050	-0.076187800913922
3.2080000000000	-0.38483798841750	-0.072605803942584
3.2320000000000	-0.38821330523140	-0.068959059153383
3.2560000000000	-0.39154780459225	-0.065248069972414
3.2800000000000	-0.39484043960718	-0.061473356323924
3.3040000000000	-0.39809017033111	-0.057635454554896
3.3280000000000	-0.40129596402737	-0.053734917355209
3.3520000000000	-0.40445679542824	-0.049772313673246
3.3760000000000	-0.40757164699516	-0.045748228627009
3.4000000000000	-0.41063950917877	-0.041663263410614
3.4240000000000	-0.41365938067834	-0.037518035196227
3.4480000000000	-0.41663026870083	-0.033313177031310
3.4720000000000	-0.41955118921924	-0.029049337731248
3.4960000000000	-0.42242116723021	-0.024727181767231
3.5200000000000	-0.42523923701080	-0.020347389149468
3.5440000000000	-0.42800444237438	-0.015910655305634
3.5680000000000	-0.43071583692531	-0.011417690954588
3.5920000000000	-0.43337248431262	-0.0068692219753132
3.6160000000000	-0.43597345848229	-0.0022659892711057
3.6400000000000	-0.43851784392816	0.0023912513710378
3.6640000000000	-0.44100473594139	0.0071017294257895
3.6880000000000	-0.44343324085823	0.011864659779665
3.7120000000000	-0.44580247630608	0.016679242885943
3.7360000000000	-0.44811157144771	0.021544664924376
3.7600000000000	-0.45035966722353	0.026460097965643
3.7840000000000	-0.45254591659170	0.031424700140567
3.8080000000000	-0.45466948476616	0.036437615814028
3.8320000000000	-0.45672954945224	0.041497975763597
3.8560000000000	-0.45872530107992	0.046604897362860
3.8800000000000	-0.46065594303450	0.051757484769368
3.9040000000000	-0.46252069188463	0.056954829117225
3.9280000000000	-0.46431877760755	0.062196008714254
3.9520000000000	-0.46604944381144	0.067480089243720
3.9760000000000	-0.46771194795482	0.072806123970539
4.0000000000000	-0.46930556156276	0.078173153951963
4.0240000000000	-0.47082957043990	0.083580208252675
4.0480000000000	-0.47228327488009	0.089026304164233
4.0720000000000	-0.47366598987269	0.094510447428824
4.0960000000000	-0.47497704530514	0.10003163246727
4.1200000000000	-0.47621578616203	0.10558884261121
4.1440000000000	-0.47738157272027	0.11118105033938
4.1680000000000	-0.47847378074046	0.11680721751801
4.1920000000000	-0.47949180165424	0.12246629564511
4.2160000000000	-0.48043504274756	0.12815722609873
4.2400000000000	-0.48130292733977	0.13387894038902
4.2640000000000	-0.48209489495843	0.13963036041401
4.2880000000000	-0.48281040150975	0.14541039871914
4.3120000000000	-0.48344891944451	0.15121795876025
4.3360000000000	-0.48400993791949	0.15705193517014
4.3600000000000	-0.48449296295417	0.16291121402849
4.3840000000000	-0.48489751758277	0.16879467313513
4.4080000000000	-0.48522314200135	0.17470118228643
4.4320000000000	-0.48546939371011	0.18062960355487
4.4560000000000	-0.48563584765067	0.18657879157157
4.4800000000000	-0.48572209633820	0.19254759381174
4.5040000000000	-0.48572774998857	0.19853485088294
4.5280000000000	-0.48565243664013	0.20453939681596
4.5520000000000	-0.48549580227029	0.21056005935834
4.5760000000000	-0.48525751090673	0.21659566027030
4.6000000000000	-0.48493724473324	0.22264501562308
4.6240000000000	-0.48453470418998	0.22870693609942
4.6480000000000	-0.48404960806835	0.23478022729624
4.6720000000000	-0.48348169360018	0.24086369002924
4.6960000000000	-0.48283071654134	0.24695612063940
4.7200000000000	-0.48209645124962	0.25305631130125
4.7440000000000	-0.48127869075694	0.25916305033273
4.7680000000000	-0.48037724683574	0.26527512250656
4.7920000000000	-0.47939195005965	0.27139130936295
4.8160000000000	-0.47832264985822	0.27751038952365
4.8400000000000	-0.47716921456584	0.28363113900699
4.8640000000000	-0.47593153146480	0.28975233154399
4.8880000000000	-0.47460950682232	0.29587273889531
4.9120000000000	-0.47320306592178	0.30199113116891
4.9360000000000	-0.47171215308785	0.30810627713836
4.9600000000000	-0.47013673170580	0.31421694456152
4.9840000000000	-0.46847678423467	0.32032190049964
5.0080000000000	-0.46673231221460	0.32641991163664
5.0320000000000	-0.46490333626807	0.33250974459843
5.0560000000000	-0.46298989609516	0.33859016627222
5.0800000000000	-0.46099205046290	0.34465994412559
5.1040000000000	-0.45890987718854	0.35071784652528
5.1280000000000	-0.45674347311690	0.35676264305548
5.1520000000000	-0.45449295409175	0.36279310483558
5.1760000000000	-0.45215845492129	0.36880800483721
5.2000000000000	-0.44974012933764	0.37480611820035
5.2240000000000	-0.44723814995048	0.38078622254862
5.2480000000000	-0.44465270819483	0.38674709830331
5.2720000000000	-0.44198401427297	0.39268752899631
5.2960000000000	-0.43923229709053	0.39860630158162
5.3200000000000	-0.43639780418687	0.40450220674543
5.3440000000000	-0.43348080165971	0.41037403921452
5.3680000000000	-0.43048157408402	0.41622059806308
5.3920000000000	-0.42740042442537	0.42204068701753
5.4160000000000	-0.42423767394758	0.42783311475953
5.4400000000000	-0.42099366211490	0.43359669522676
5.4640000000000	-0.41766874648870	0.43933024791166
5.4880000000000	-0.41426330261867	0.44503259815775
5.5120000000000	-0.41077772392873	0.45070257745359
5.5360000000000	-0.40721242159756	0.45633902372418
5.5600000000000	-0.40356782443397	0.46194078161971
5.5840000000000	-0.39984437874698	0.46750670280165
5.6080000000000	-0.39604254821089	0.47303564622585
5.6320000000000	-0.39216281372532	0.47852647842283
5.6560000000000	-0.38820567327019	0.48397807377488
5.6800000000000	-0.38417164175593	0.48938931479015
5.7040000000000	-0.38006125086882	0.49475909237337
5.7280000000000	-0.37587504891164	0.50008630609330
5.7520000000000	-0.37161360063967	0.50536986444670
5.7760000000000	-0.36727748709212	0.51060868511887
5.8000000000000	-0.36286730541914	0.51580169524044
5.8240000000000	-0.35838366870437	0.52094783164058
5.8480000000000	-0.35382720578331	0.52604604109643
5.8720000000000	-0.34919856105738	0.53109528057860
5.8960000000000	-0.34449839430397	0.53609451749281
5.9200000000000	-0.33972738048241	0.54104272991754
5.9440000000000	-0.33488620953608	0.54593890683753
5.9680000000000	-0.32997558619071	0.55078204837320
5.9920000000000	-0.32499622974886	0.55557116600587
6.0160000000000	-0.31994887388095	0.56030528279863
6.0400000000000	-0.31483426641263	0.56498343361301
6.0640000000000	-0.30965316910881	0.56960466532113
6.0880000000000	-0.30440635745436	0.57416803701346
6.1120000000000	-0.29909462043160	0.57867262020211
6.1360000000000	-0.29371876029471	0.58311749901955
6.1600000000000	-0.28827959234107	0.58750177041271
6.1840000000000	-0.28277794467981	0.59182454433250
6.2080000000000	-0.27721465799748	0.59608494391859
6.2320000000000	-0.27159058532111	0.60028210567954
6.2560000000000	-0.26590659177860	0.60441517966811
6.2800000000000	-0.26016355435679	0.60848332965183
6.3040000000000	-0.25436236165700	0.61248573327874
6.3280000000000	-0.24850391364843	0.61642158223826
6.3520000000000	-0.24258912141938	0.62029008241725
6.3760000000000	-0.23661890692641	0.62409045405114
6.4000000000000	-0.23059420274160	0.62782193187009
6.4240000000000	-0.22451595179795	0.63148376524033
6.4480000000000	-0.21838510713309	0.63507521830052
6.4720000000000	-0.21220263163134	0.63859557009305
6.4960000000000	-0.20596949776430	0.64204411469053
6.5200000000000	-0.19968668732999	0.64542016131722
6.5440000000000	-0.19335519119077	0.64872303446543
6.5680000000000	-0.18697600900995	0.65195207400708
6.5920000000000	-0.18055014898743	0.65510663530012
6.6160000000000	-0.17407862759425	0.65818608929009
6.6400000000000	-0.16756246930633	0.66118982260661
6.6640000000000	-0.16100270633739	0.66411723765497
6.6880000000000	-0.15440037837118	0.66696775270273
6.7120000000000	-0.14775653229316	0.66974080196135
6.7360000000000	-0.14107222192166	0.67243583566289
6.7600000000000	-0.13434850773867	0.67505232013183
6.7840000000000	-0.12758645662034	0.67758973785194
6.8080000000000	-0.12078714156728	0.68004758752825
6.8320000000000	-0.11395164143478	0.68242538414420
6.8560000000000	-0.10708104066297	0.68472265901391
6.8800000000000	-0.10017642900717	0.68693895982965
6.9040000000000	-0.093238901268295	0.68907385070453
6.9280000000000	-0.086269557023612	0.69112691221038
6.9520000000000	-0.079269500357830	0.69309774141097
6.9760000000000	-0.072239839594629	0.69498595189044
7.0000000000000	-0.065181687028724	0.69679117377716
7.0240000000000	-0.058096158658548	0.69851305376287
7.0480000000000	-0.050984373919621	0.70015125511728
7.0720000000000	-0.043847455418723	0.70170545769809
7.0960000000000	-0.036686528668900	0.70317535795649
7.1200000000000	-0.029502721825431	0.70456066893820
7.1440000000000	-0.022297165422805	0.70586112028006
7.1680000000000	-0.015070992112797	0.70707645820220
7.1920000000000	-0.0078253364037084	0.70820644549594
7.2160000000000	-0.00056133440084913	0.70925086150732
7.2400000000000	0.0067198764516578	0.71020950211637
7.2640000000000	0.014017157627696	0.71108217971224
7.2880000000000	0.021329369774519	0.71186872316412
7.3120000000000	0.028655372966590	0.71256897778804
7.3360000000000	0.035994026957842	0.71318280530966
7.3600000000000	0.043344191432286	0.71371008382304
7.3840000000000	0.050704726252898	0.71415070774544
7.4080000000000	0.058074491708746	0.71450458776824
7.4320000000000	0.065452348760277	0.71477165080400
7.4560000000000	0.072837159282712	0.71495183992975
7.4800000000000	0.080227786307498	0.71504511432656
7.5040000000000	0.087623094261750	0.71505144921536
7.5280000000000	0.095021949205655	0.71497083578928
7.5520000000000	0.10242321906775	0.71480328114225
7.5760000000000	0.10982577387804	0.71454880819428
7.6000000000000	0.11722848599896	0.71420745561313
7.6240000000000	0.12463023035401	0.71377927773275
7.6480000000000	0.13202988465413	0.71326434446823
7.6720000000000	0.13942632962177	0.71266274122765
7.6960000000000	0.14681844921247	0.71197456882060
7.7200000000000	0.15420513083416	0.71119994336364
7.7440000000000	0.16158526556385	0.71033899618256
7.7680000000000	0.16895774836194	0.70939187371180
7.7920000000000	0.17632147828387	0.70835873739071
7.8160000000000	0.18367535868933	0.70723976355705
7.8400000000000	0.19101829744874	0.70603514333761
7.8640000000000	0.19834920714715	0.70474508253600
7.8880000000000	0.20566700528545	0.70336980151780
7.9120000000000	0.21297061447892	0.70190953509303
7.9360000000000	0.22025896265299	0.70036453239601
7.9600000000000	0.22753098323626	0.69873505676272
7.9840000000000	0.23478561535076	0.69702138560564
8.0080000000000	0.24202180399939	0.69522381028626
8.0320000000000	0.24923850025054	0.69334263598518
8.0560000000000	0.25643466141985	0.69137818156992
8.0800000000000	0.26360925124907	0.68933077946061
8.1040000000000	0.27076124008210	0.68720077549337
8.1280000000000	0.27788960503808	0.68498852878170
8.1520000000000	0.28499333018152	0.68269441157577
8.1760000000000	0.29207140668958	0.68031880911978
8.2000000000000	0.29912283301630	0.67786211950736
8.2240000000000	0.30614661505393	0.67532475353512
8.2480000000000	0.31314176629125	0.67270713455443
8.2720000000000	0.32010730796893	0.67000969832140
8.2960000000000	0.32704226923183	0.66723289284524
8.3200000000000	0.33394568727837	0.66437717823497
8.3440000000000	0.34081660750683	0.66144302654457
8.3680000000000	0.34765408365860	0.65843092161662
8.3920000000000	0.35445717795854	0.65534135892451
8.4160000000000	0.36122496125212	0.65217484541324
8.4400000000000	0.36795651313966	0.64893189933886
8.4640000000000	0.37465092210750	0.64561305010675
8.4880000000000	0.38130728565610	0.64221883810851
8.5120000000000	0.38792471042511	0.63874981455782
8.5360000000000	0.39450231231543	0.63520654132512
8.5600000000000	0.40103921660821	0.63158959077128
8.5840000000000	0.40753455808081	0.62789954558022
8.6080000000000	0.41398748111972	0.62413699859064
8.6320000000000	0.42039713983047	0.62030255262676
8.6560000000000	0.42676269814453	0.61639682032839
8.6800000000000	0.43308332992311	0.61242042398001
8.7040000000000	0.43935821905807	0.60837399533925
8.7280000000000	0.44558655956970	0.60425817546464
8.7520000000000	0.45176755570159	0.60007361454275
8.7760000000000	0.45790042201247	0.59582097171468
8.8000000000000	0.46398438346509	0.59150091490211
8.8240000000000	0.47001867551208	0.58711412063277
8.8480000000000	0.47600254417893	0.58266127386556
8.8720000000000	0.48193524614397	0.57814306781520
8.8960000000000	0.48781604881537	0.57356020377663
8.9200000000000	0.49364423040537	0.56891339094901
8.9440000000000	0.49941908000138	0.56420334625957
8.9680000000000	0.50513989763438	0.55943079418718
8.9920000000000	0.51080599434435	0.55459646658583
9.0160000000000	0.51641669224279	0.54970110250795
9.0400000000000	0.52197132457249	0.54474544802769
9.0640000000000	0.52746923576441	0.53973025606414
9.0880000000000	0.53290978149172	0.53465628620463
9.1120000000000	0.53829232872106	0.52952430452801
9.1360000000000	0.54361625576107	0.52433508342813
9.1600000000000	0.54888095230804	0.51908940143737
9.1840000000000	0.55408581948896	0.51378804305041
9.2080000000000	0.55923026990167	0.50843179854822
9.2320000000000	0.56431372765246	0.50302146382227
9.2560000000000	0.56933562839091	0.49755784019915
9.2800000000000	0.57429541934206	0.49204173426538
9.3040000000000	0.57919255933596	0.48647395769272
9.3280000000000	0.58402651883455	0.48085532706386
9.3520000000000	0.58879677995604	0.47518666369853
9.3760000000000	0.59350283649658	0.46946879348017
9.4000000000000	0.59814419394946	0.46370254668302
9.4240000000000	0.60272036952177	0.45788875779989
9.4480000000000	0.60723089214850	0.45202826537041
9.4720000000000	0.61167530250422	0.44612191180999
9.4960000000000	0.61605315301223	0.44017054323939
9.5200000000000	0.62036400785133	0.43417500931502
9.5440000000000	0.62460744296016	0.42813616305991
9.5680000000000	0.62878304603911	0.42205486069548
9.5920000000000	0.63289041654993	0.41593196147411
9.6160000000000	0.63692916571298	0.40976832751242
9.6400000000000	0.64089891650213	0.40356482362556
9.6640000000000	0.64479930363744	0.39732231716221
9.6880000000000	0.64862997357552	0.39104167784060
9.7120000000000	0.65239058449770	0.38472377758540
9.7360000000000	0.65608080629601	0.37836949036557
9.7600000000000	0.65970032055688	0.37197969203320
9.7840000000000	0.66324882054284	0.36555526016340
9.8080000000000	0.66672601117193	0.35909707389511
9.8320000000000	0.67013160899520	0.35260601377312
9.8560000000000	0.67346534217194	0.34608296159104
9.8800000000000	0.67672695044307	0.33952880023546
9.9040000000000	0.67991618510233	0.33294441353121
9.9280000000000	0.68303280896563	0.32633068608774
9.9520000000000	0.68607659633837	0.31968850314675
9.9760000000000	0.68904733298086	0.31301875043094
10.000000000000	0.69194481607183	0.30632231399401
10.024000000000	0.69476885417009	0.29960008007189
10.048000000000	0.69751926717430	0.29285293493526
10.072000000000	0.70019588628100	0.28608176474324
10.096000000000	0.70279855394082	0.27928745539852
10.120000000000	0.70532712381291	0.27247089240366
10.144000000000	0.70778146071770	0.26563296071883
10.168000000000	0.71016144058795	0.25877454462082
10.192000000000	0.71246695041809	0.25189652756345
10.216000000000	0.71469788821201	0.24499979203932
10.240000000000	0.71685416292915	0.23808521944302
10.264000000000	0.71893569442910	0.23115368993567
10.288000000000	0.72094241341459	0.22420608231090
10.312000000000	0.72287426137299	0.21724327386235
10.336000000000	0.72473119051633	0.21026614025245
10.360000000000	0.72651316371983	0.20327555538283
10.384000000000	0.72822015445905	0.19627239126610
10.408000000000	0.72985214674560	0.18925751789912
10.432000000000	0.73140913506152	0.18223180313783
10.456000000000	0.73289112429225	0.17519611257350
10.480000000000	0.73429812965840	0.16815130941057
10.504000000000	0.73563017664611	0.16109825434595
10.528000000000	0.73688730093630	0.15403780544987
10.552000000000	0.73806954833256	0.14697081804835
10.576000000000	0.73917697468795	0.13989814460706
10.600000000000	0.74020964583062	0.13282063461691
10.624000000000	0.74116763748822	0.12573913448106
10.648000000000	0.74205103521129	0.11865448740363
10.672000000000	0.74285993429559	0.11156753327983
10.696000000000	0.74359443970327	0.10447910858785
10.720000000000	0.74425466598312	0.097390046282183
10.744000000000	0.74484073718984	0.090301175688636
10.768000000000	0.74535278680225	0.083213322400885
10.792000000000	0.74579095764067	0.076127308178659
10.816000000000	0.74615540178336	0.069043950847506
10.840000000000	0.74644628048204	0.061964064200172
10.864000000000	0.74666376407666	0.054888457899586
10.888000000000	0.74680803190925	0.047817937383455
10.912000000000	0.74687927223702	0.040753303770463
10.936000000000	0.74687768214472	0.033695353768092
10.960000000000	0.74680346745623	0.026644879582041
10.984000000000	0.74665684264544	0.019602668827269
11.008000000000	0.74643803074645	0.012569504440638
11.032000000000	0.74614726326313	0.0055461645951795
11.056000000000	0.74578478007803	-0.0014665773840423
11.080000000000	0.74535082936071	-0.0084679531024497
11.104000000000	0.74484566747545	-0.015457199176872
11.128000000000	0.74426955888846	-0.022433557314856
11.152000000000	0.74362277607452	-0.029396274392379
11.176000000000	0.74290559942317	-0.036344602529962
11.200000000000	0.74211831714436	-0.043277799167192
11.224000000000	0.74126122517371	-0.050195127135647
11.248000000000	0.74033462707733	-0.057095854730240
11.272000000000	0.73933883395620	-0.063979255778981
11.296000000000	0.73827416435023	-0.070844609711153
11.320000000000	0.73714094414196	-0.077691201623930
11.344000000000	0.73593950645987	-0.084518322347414
11.368000000000	0.73467019158148	-0.091325268508124
11.392000000000	0.73333334683612	-0.098111342590920
11.416000000000	0.73192932650740	-0.10487585299939
11.440000000000	0.73045849173556	-0.11161811411467
11.464000000000	0.72892121041948	-0.11833744635277
11.488000000000	0.72731785711862	-0.12503317622036
11.512000000000	0.72564881295467	-0.13170463636900
11.536000000000	0.72391446551317	-0.13835116564788
11.560000000000	0.72211520874492	-0.14497210915512
11.584000000000	0.72025144286735	-0.15156681828746
11.608000000000	0.71832357426574	-0.15813465078857
11.632000000000	0.71633201539446	-0.16467497079580
11.656000000000	0.71427718467809	-0.17118714888553
11.680000000000	0.71215950641258	-0.17767056211700
11.704000000000	0.70997941066639	-0.18412459407476
11.728000000000	0.70773733318159	-0.19054863490963
11.752000000000	0.70543371527512	-0.19694208137823
11.776000000000	0.70306900373996	-0.20330433688115
11.800000000000	0.70064365074654	-0.20963481149963
11.824000000000	0.69815811374405	-0.21593292203092
11.848000000000	0.69561285536205	-0.22219809202219
11.872000000000	0.69300834331207	-0.22842975180315
11.896000000000	0.69034505028941	-0.23462733851720
11.920000000000	0.68762345387513	-0.24079029615129
11.944000000000	0.68484403643814	-0.24691807556448
11.968000000000	0.68200728503759	-0.25301013451509
11.992000000000	0.67911369132537	-0.25906593768657
12.016000000000	0.67616375144890	-0.26508495671208
12.040000000000	0.67315796595413	-0.27106667019778
12.064000000000	0.67009683968884	-0.27701056374481
12.088000000000	0.66698088170617	-0.28291612997001
12.112000000000	0.66381060516845	-0.28878286852543
12.136000000000	0.66058652725131	-0.29461028611658
12.160000000000	0.65730916904819	-0.30039789651940
12.184000000000	0.65397905547506	-0.30614522059607
12.208000000000	0.65059671517556	-0.31185178630962
12.232000000000	0.64716268042646	-0.31751712873736
12.256000000000	0.64367748704352	-0.32314079008305
12.280000000000	0.64014167428771	-0.32872231968804
12.304000000000	0.63655578477180	-0.33426127404113
12.328000000000	0.63292036436737	-0.33975721678742
12.352000000000	0.62923596211228	-0.34520971873594
12.376000000000	0.62550313011847	-0.35061835786622
12.400000000000	0.62172242348031	-0.35598271933377
12.424000000000	0.61789440018328	-0.36130239547445
12.448000000000	0.61401962101320	-0.36657698580779
12.472000000000	0.61009864946587	-0.37180609703927
12.496000000000	0.60613205165721	-0.37698934306156
12.520000000000	0.60212039623392	-0.38212634495470
12.544000000000	0.59806425428454	-0.38721673098529
12.568000000000	0.59396419925111	-0.39226013660472
12.592000000000	0.58982080684128	-0.39725620444635
12.616000000000	0.58563465494097	-0.40220458432177
12.640000000000	0.58140632352757	-0.40710493321609
12.664000000000	0.57713639458361	-0.41195691528227
12.688000000000	0.57282545201105	-0.41676020183452
12.712000000000	0.56847408154611	-0.42151447134086
12.736000000000	0.56408287067456	-0.42621940941466
12.760000000000	0.55965240854771	-0.43087470880539
12.784000000000	0.55518328589889	-0.43548006938843
12.808000000000	0.55067609496051	-0.44003519815409
12.832000000000	0.54613142938170	-0.44453980919570
12.856000000000	0.54154988414658	-0.44899362369694
12.880000000000	0.53693205549306	-0.45339636991831
12.904000000000	0.53227854083228	-0.45774778318278
12.928000000000	0.52758993866862	-0.46204760586073
12.952000000000	0.52286684852034	-0.46629558735399
12.976000000000	0.51810987084084	-0.47049148407921
13.000000000000	0.51331960694046	-0.47463505945045
13.024000000000	0.50849665890900	-0.47872608386097
13.048000000000	0.50364162953880	-0.48276433466442
13.072000000000	0.49875512224846	-0.48674959615518
13.096000000000	0.49383774100717	-0.49068165954806
13.120000000000	0.48889009025968	-0.49456032295736
13.144000000000	0.48391277485194	-0.49838539137516
13.168000000000	0.47890639995733	-0.50215667664900
13.192000000000	0.47387157100350	-0.50587399745888
13.216000000000	0.46880889359997	-0.50953717929367
13.240000000000	0.46371897346621	-0.51314605442686
13.264000000000	0.45860241636050	-0.51670046189166
13.288000000000	0.45345982800939	-0.52020024745556
13.312000000000	0.44829181403773	-0.52364526359429
13.336000000000	0.44309897989949	-0.52703536946514
13.360000000000	0.43788193080912	-0.53037043087978
13.384000000000	0.43264127167358	-0.53365032027651
13.408000000000	0.42737760702508	-0.53687491669194
13.432000000000	0.42209154095437	-0.54004410573213
13.456000000000	0.41678367704476	-0.54315777954328
13.480000000000	0.41145461830677	-0.54621583678181
13.504000000000	0.40610496711344	-0.54921818258402
13.528000000000	0.40073532513623	-0.55216472853521
13.552000000000	0.39534629328166	-0.55505539263834
13.576000000000	0.38993847162855	-0.55789009928222
13.600000000000	0.38451245936591	-0.56066877920924
13.624000000000	0.37906885473152	-0.56339136948268
13.648000000000	0.37360825495106	-0.56605781345351
13.672000000000	0.36813125617804	-0.56866806072686
13.696000000000	0.36263845343421	-0.57122206712798
13.720000000000	0.35713044055076	-0.57371979466786
13.744000000000	0.35160781011006	-0.57616121150839
13.768000000000	0.34607115338810	-0.57854629192724
13.792000000000	0.34052106029756	-0.58087501628220
13.816000000000	0.33495811933150	-0.58314737097528
13.840000000000	0.32938291750772	-0.58536334841641
13.864000000000	0.32379604031373	-0.58752294698677
13.888000000000	0.31819807165237	-0.58962617100179
13.912000000000	0.31258959378805	-0.59167303067381
13.936000000000	0.30697118729365	-0.59366354207443
13.960000000000	0.30134343099799	-0.59559772709652
13.984000000000	0.29570690193402	-0.59747561341594
14.008000000000	0.29006217528752	-0.59929723445293
14.032000000000	0.28440982434655	-0.60106262933325
14.056000000000	0.27875042045139	-0.60277184284900
14.080000000000	0.27308453294519	-0.60442492541914
14.104000000000	0.26741272912522	-0.60602193304984
14.128000000000	0.26173557419470	-0.60756292729443
14.152000000000	0.25605363121526	-0.60904797521320
14.176000000000	0.25036746106003	-0.61047714933292
14.200000000000	0.24467762236729	-0.61185052760606
14.224000000000	0.23898467149477	-0.61316819336993
14.248000000000	0.23328916247450	-0.61443023530539
14.272000000000	0.22759164696832	-0.61563674739549
14.296000000000	0.22189267422393	-0.61678782888386
14.320000000000	0.21619279103155	-0.61788358423286
14.344000000000	0.21049254168118	-0.61892412308155
14.368000000000	0.20479246792044	-0.61990956020347
14.392000000000	0.19909310891300	-0.62084001546424
14.416000000000	0.19339500119755	-0.62171561377894
14.440000000000	0.18769867864742	-0.62253648506936
14.464000000000	0.18200467243074	-0.62330276422106
14.488000000000	0.17631351097112	-0.62401459104021
14.512000000000	0.17062571990900	-0.62467211021042
14.536000000000	0.16494182206352	-0.62527547124923
14.560000000000	0.15926233739488	-0.62582482846458
14.584000000000	0.15358778296743	-0.62632034091111
14.608000000000	0.14791867291314	-0.62676217234629
14.632000000000	0.14225551839575	-0.62715049118643
14.656000000000	0.13659882757539	-0.62748547046260
14.680000000000	0.13094910557384	-0.62776728777637
14.704000000000	0.12530685444024	-0.62799612525547
14.728000000000	0.11967257311738	-0.62817216950935
14.752000000000	0.11404675740857	-0.62829561158454
14.776000000000	0.10842989994503	-0.62836664692006
14.800000000000	0.10282249015373	-0.62838547530258
14.824000000000	0.097225014225916	-0.62835230082158
14.848000000000	0.091637955086039	-0.62826733182437
14.872000000000	0.086061792361265	-0.62813078087107
14.896000000000	0.080497002351508	-0.62794286468945
14.920000000000	0.074944057999975	-0.62770380412974
14.944000000000	0.069403428864229	-0.62741382411934
14.968000000000	0.063875581087779	-0.62707315361747
14.992000000000	0.058360977372172	-0.62668202556975
15.016000000000	0.052860076949604	-0.62624067686274
15.040000000000	0.047373335556037	-0.62574934827836
15.064000000000	0.041901205404821	-0.62520828444833
15.088000000000	0.036444135160819	-0.62461773380850
15.112000000000	0.031002569915036	-0.62397794855319
15.136000000000	0.025576951159742	-0.62328918458941
15.160000000000	0.020167716764099	-0.62255170149112
15.184000000000	0.014775300950267	-0.62176576245341
15.208000000000	0.0094001342700198	-0.62093163424660
15.232000000000	0.0040426435818300	-0.62004958717046
15.256000000000	-0.0012967479715420	-0.61911989500820
15.280000000000	-0.0066176209849882	-0.61814283498062
15.304000000000	-0.011919559812502	-0.61711868770011
15.328000000000	-0.017202152588158	-0.61604773712471
15.352000000000	-0.022464991246601	-0.61493027051211
15.376000000000	-0.027707671543073	-0.61376657837369
15.400000000000	-0.032929793072962	-0.61255695442845
15.424000000000	-0.038130959290874	-0.61130169555710
15.448000000000	-0.043310777529252	-0.61000110175598
15.472000000000	-0.048468859016511	-0.60865547609107
15.496000000000	-0.053604818894720	-0.60726512465201
15.520000000000	-0.058718276236817	-0.60583035650607
15.544000000000	-0.063808854063370	-0.60435148365220
15.568000000000	-0.068876179358866	-0.60282882097502
15.592000000000	-0.073919883087560	-0.60126268619891
15.616000000000	-0.078939600208860	-0.59965339984201
15.640000000000	-0.083934969692259	-0.59800128517036
15.664000000000	-0.088905634531822	-0.59630666815198
15.688000000000	-0.093851241760222	-0.59456987741100
15.712000000000	-0.098771442462324	-0.59279124418183
15.736000000000	-0.10366589178833	-0.59097110226335
15.760000000000	-0.10853424896649	-0.58910978797318
15.784000000000	-0.11337617731535	-0.58720764010186
15.808000000000	-0.11819134425556	-0.58526499986728
15.832000000000	-0.12297942132128	-0.58328221086893
15.856000000000	-0.12774008417111	-0.58125961904235
15.880000000000	-0.13247301259861	-0.57919757261358
15.904000000000	-0.13717789054238	-0.57709642205364
15.928000000000	-0.14185440609568	-0.57495652003312
15.952000000000	-0.14650225151569	-0.57277822137674
15.976000000000	-0.15112112323228	-0.57056188301809
16.000000000000	-0.15571072185636	-0.56830786395431
16.024000000000	-0.16027075218785	-0.56601652520090
16.048000000000	-0.16480092322317	-0.56368822974663
16.072000000000	-0.16930094816236	-0.56132334250845
16.096000000000	-0.17377054441575	-0.55892223028649
16.120000000000	-0.17820943361021	-0.55648526171917
16.144000000000	-0.18261734159501	-0.55401280723839
16.168000000000	-0.18699399844723	-0.55150523902474
16.192000000000	-0.19133913847679	-0.54896293096287
16.216000000000	-0.19565250023108	-0.54638625859689
16.240000000000	-0.19993382649907	-0.54377559908591
16.264000000000	-0.20418286431522	-0.54113133115964
16.288000000000	-0.20839936496275	-0.53845383507406
16.312000000000	-0.21258308397670	-0.53574349256728
16.336000000000	-0.21673378114644	-0.53300068681540
16.360000000000	-0.22085122051788	-0.53022580238853
16.384000000000	-0.22493517039523	-0.52741922520692
16.408000000000	-0.22898540334241	-0.52458134249715
16.432000000000	-0.23300169618393	-0.52171254274851
16.456000000000	-0.23698383000561	-0.51881321566942
16.480000000000	-0.24093159015465	-0.51588375214400
16.504000000000	-0.24484476623951	-0.51292454418881
16.528000000000	-0.24872315212926	-0.50993598490959
16.552000000000	-0.25256654595265	-0.50691846845826
16.576000000000	-0.25637475009672	-0.50387238998999
16.600000000000	-0.26014757120506	-0.50079814562037
16.624000000000	-0.26388482017567	-0.49769613238279
16.648000000000	-0.26758631215846	-0.49456674818587
16.672000000000	-0.27125186655236	-0.49141039177115
16.696000000000	-0.27488130700203	-0.48822746267080
16.720000000000	-0.27847446139425	-0.48501836116553
16.744000000000	-0.28203116185388	-0.48178348824269
16.768000000000	-0.28555124473950	-0.47852324555446
16.792000000000	-0.28903455063860	-0.47523803537621
16.816000000000	-0.29248092436254	-0.47192826056505
16.840000000000	-0.29589021494097	-0.46859432451850
16.864000000000	-0.29926227561605	-0.46523663113335
16.888000000000	-0.30259696383622	-0.46185558476470
16.912000000000	-0.30589414124959	-0.45845159018511
16.936000000000	-0.30915367369707	-0.45502505254401
16.960000000000	-0.31237543120505	-0.45157637732721
16.984000000000	-0.31555928797776	-0.44810597031662
17.008000000000	-0.31870512238932	-0.44461423755016
17.032000000000	-0.32181281697538	-0.44110158528184
17.056000000000	-0.32488225842445	-0.43756841994204
17.080000000000	-0.32791333756885	-0.43401514809794
17.104000000000	-0.33090594937542	-0.43044217641424
17.128000000000	-0.33385999293573	-0.42684991161393
17.152000000000	-0.33677537145610	-0.42323876043940
17.176000000000	-0.33965199224723	-0.41960912961366
17.200000000000	-0.34248976671346	-0.41596142580181
17.224000000000	-0.34528861034178	-0.41229605557270
17.248000000000	-0.34804844269045	-0.40861342536077
17.272000000000	-0.35076918737735	-0.40491394142820
17.296000000000	-0.35345077206793	-0.40119800982715
17.320000000000	-0.35609312846297	-0.39746603636228
17.344000000000	-0.35869619228585	-0.39371842655354
17.368000000000	-0.36125990326973	-0.38995558559906
17.392000000000	-0.36378420514417	-0.38617791833839
17.416000000000	-0.36626904562167	-0.38238582921590
17.440000000000	-0.36871437638375	-0.37857972224439
17.464000000000	-0.37112015306683	-0.37476000096904
17.488000000000	-0.37348633524774	-0.37092706843144
17.512000000000	-0.37581288642896	-0.36708132713403
17.536000000000	-0.37809977402361	-0.36322317900463
17.560000000000	-0.38034696934010	-0.35935302536129
17.584000000000	-0.38255444756648	-0.35547126687740
17.608000000000	-0.38472218775461	-0.35157830354700
17.632000000000	-0.38685017280391	-0.34767453465037
17.656000000000	-0.38893838944494	-0.34376035871986
17.680000000000	-0.39098682822270	-0.33983617350598
17.704000000000	-0.39299548347957	-0.33590237594373
17.728000000000	-0.39496435333811	-0.33195936211926
17.752000000000	-0.39689343968351	-0.32800752723668
17.776000000000	-0.39878274814582	-0.32404726558521
17.800000000000	-0.40063228808192	-0.32007897050659
17.824000000000	-0.40244207255722	-0.31610303436273
17.848000000000	-0.40421211832713	-0.31211984850365
17.872000000000	-0.40594244581829	-0.30812980323567
17.896000000000	-0.40763307910956	-0.30413328778990
17.920000000000	-0.40928404591274	-0.30013069029102
17.944000000000	-0.41089537755311	-0.29612239772626
17.968000000000	-0.41246710894968	-0.29210879591473
17.992000000000	-0.41399927859529	-0.28809026947700
18.016000000000	-0.41549192853639	-0.28406720180502
18.040000000000	-0.41694510435272	-0.28003997503217
18.064000000000	-0.41835885513664	-0.27600897000382
18.088000000000	-0.41973323347240	-0.27197456624794
18.112000000000	-0.42106829541505	-0.26793714194619
18.136000000000	-0.42236410046927	-0.26389707390520
18.160000000000	-0.42362071156794	-0.25985473752811
18.184000000000	-0.42483819505052	-0.25581050678652
18.208000000000	-0.42601662064127	-0.25176475419264
18.232000000000	-0.42715606142721	-0.24771785077171
18.256000000000	-0.42825659383601	-0.24367016603484
18.280000000000	-0.42931829761359	-0.23962206795198
18.304000000000	-0.43034125580161	-0.23557392292534
18.328000000000	-0.43132555471476	-0.23152609576300
18.352000000000	-0.43227128391792	-0.22747894965283
18.376000000000	-0.43317853620310	-0.22343284613680
18.400000000000	-0.43404740756624	-0.21938814508547
18.424000000000	-0.43487799718392	-0.21534520467284
18.448000000000	-0.43567040738982	-0.21130438135149
18.472000000000	-0.43642474365107	-0.20726602982803
18.496000000000	-0.43714111454451	-0.20323050303883
18.520000000000	-0.43781963173271	-0.19919815212603
18.544000000000	-0.43846040993995	-0.19516932641395
18.568000000000	-0.43906356692802	-0.19114437338567
18.592000000000	-0.43962922347188	-0.18712363865999
18.616000000000	-0.44015750333524	-0.18310746596869
18.640000000000	-0.44064853324600	-0.17909619713405
18.664000000000	-0.44110244287155	-0.17509017204670
18.688000000000	-0.44151936479402	-0.17108972864377
18.712000000000	-0.44189943448536	-0.16709520288733
18.736000000000	-0.44224279028233	-0.16310692874314
18.760000000000	-0.44254957336144	-0.15912523815966
18.784000000000	-0.44281992771373	-0.15515046104745
18.808000000000	-0.44305400011950	-0.15118292525875
18.832000000000	-0.44325194012291	-0.14722295656746
18.856000000000	-0.44341390000656	-0.14327087864934
18.880000000000	-0.44354003476594	-0.13932701306256
18.904000000000	-0.44363050208382	-0.13539167922852
18.928000000000	-0.44368546230453	-0.13146519441294
18.952000000000	-0.44370507840827	-0.12754787370733
18.976000000000	-0.44368951598522	-0.12364003001061
19.000000000000	-0.44363894320972	-0.11974197401120
19.024000000000	-0.44355353081428	-0.11585401416919
19.048000000000	-0.44343345206363	-0.11197645669903
19.072000000000	-0.44327888272862	-0.10810960555228
19.096000000000	-0.44309000106018	-0.10425376240083
19.120000000000	-0.44286698776315	-0.10040922662029
19.144000000000	-0.44261002597011	-0.096576295273705
19.168000000000	-0.44231930121516	-0.092755263095555
19.192000000000	-0.44199500140767	-0.088946422476018
19.216000000000	-0.44163731680602	-0.085150063445520
19.240000000000	-0.44124643999123	-0.081366473659562
19.264000000000	-0.44082256584070	-0.077595938383815
19.288000000000	-0.44036589150180	-0.073838740479492
19.312000000000	-0.43987661636551	-0.070095160388991
19.336000000000	-0.43935494204005	-0.066365476121804
19.360000000000	-0.43880107232442	-0.062649963240697
19.384000000000	-0.43821521318207	-0.058948894848144
19.408000000000	-0.43759757271438	-0.055262541573039
19.432000000000	-0.43694836113431	-0.051591171557655
19.456000000000	-0.43626779073993	-0.047935050444869
19.480000000000	-0.43555607588802	-0.044294441365637
19.504000000000	-0.43481343296760	-0.040669604926730
19.528000000000	-0.43404008037357	-0.037060799198716
19.552000000000	-0.43323623848024	-0.033468279704187
19.576000000000	-0.43240212961495	-0.029892299406247
19.600000000000	-0.43153797803170	-0.026333108697234
19.624000000000	-0.43064400988474	-0.022790955387680
19.648000000000	-0.42972045320222	-0.019266084695510
19.672000000000	-0.42876753785985	-0.015758739235506
19.696000000000	-0.42778549555457	-0.012269159008960
19.720000000000	-0.42677455977827	-0.0087975813935939
19.744000000000	-0.42573496579149	-0.0053442411336883
19.768000000000	-0.42466695059717	-0.0019093703304624
19.792000000000	-0.42357075291444	0.0015068015673591
19.816000000000	-0.42244661315242	0.0049040477727203
19.840000000000	-0.42129477338402	0.0082821441692067
19.864000000000	-0.42011547731987	0.011640869319813
19.888000000000	-0.41890897028212	0.014980004475466
19.912000000000	-0.41767549917847	0.018299333583367
19.936000000000	-0.41641531247608	0.021598643295114
19.960000000000	-0.41512866017555	0.024877722974606
19.984000000000	-0.41381579378501	0.028136364705767
20.008000000000	-0.41247696629413	0.031374363300053
20.032000000000	-0.41111243214830	0.034591516303768
20.056000000000	-0.40972244722271	0.037787624005173
20.080000000000	-0.40830726879656	0.040962489441434
20.104000000000	-0.40686715552731	0.044115918405332
20.128000000000	-0.40540236742492	0.047247719451832
20.152000000000	-0.40391316582616	0.050357703904427
20.176000000000	-0.40239981336896	0.053445685861332
20.200000000000	-0.40086257396679	0.056511482201478
20.224000000000	-0.39930171278307	0.059554912590346
20.248000000000	-0.39771749620568	0.062575799485593
20.272000000000	-0.39611019182142	0.065573968142547
20.296000000000	-0.39448006839059	0.068549246619495
20.320000000000	-0.39282739582156	0.071501465782834
20.344000000000	-0.39115244514538	0.074430459312032
20.368000000000	-0.38945548849046	0.077336063704433
20.392000000000	-0.38773679905727	0.080218118279906
20.416000000000	-0.38599665109308	0.083076465185333
20.440000000000	-0.38423531986672	0.085910949398935
20.464000000000	-0.38245308164339	0.088721418734434
20.488000000000	-0.38065021365954	0.091507723845097
20.512000000000	-0.37882699409768	0.094269718227582
20.536000000000	-0.37698370206136	0.097007258225665
20.560000000000	-0.37512061755008	0.099720203033815
20.584000000000	-0.37323802143427	0.10240841470061
20.608000000000	-0.37133619543027	0.10507175813203
20.632000000000	-0.36941542207538	0.10771010109459
20.656000000000	-0.36747598470295	0.11032331421830
20.680000000000	-0.36551816741739	0.11291127099959
20.704000000000	-0.36354225506933	0.11547384780398
20.728000000000	-0.36154853323072	0.11801092386867
20.752000000000	-0.35953728816998	0.12052238130497
20.776000000000	-0.35750880682718	0.12300810510063
20.800000000000	-0.35546337678920	0.12546798312200
20.824000000000	-0.35340128626495	0.12790190611605
20.848000000000	-0.35132282406056	0.13030976771233
20.872000000000	-0.34922827955459	0.13269146442469
20.896000000000	-0.34711794267329	0.13504689565294
20.920000000000	-0.34499210386583	0.13737596368436
20.944000000000	-0.34285105407950	0.13967857369508
20.968000000000	-0.34069508473501	0.14195463375133
20.992000000000	-0.33852448770173	0.14420405481055
21.016000000000	-0.33633955527286	0.14642675072236
21.040000000000	-0.33414058014075	0.14862263822949
21.064000000000	-0.33192785537210	0.15079163696837
21.088000000000	-0.32970167438319	0.15293366946985
21.112000000000	-0.32746233091509	0.15504866115959
21.136000000000	-0.32521011900886	0.15713654035841
21.160000000000	-0.32294533298075	0.15919723828246
21.184000000000	-0.32066826739735	0.16123068904329
21.208000000000	-0.31837921705074	0.16323682964779
21.232000000000	-0.31607847693364	0.16521559999793
21.256000000000	-0.31376634221450	0.16716694289047
21.280000000000	-0.31144310821253	0.16909080401637
21.304000000000	-0.30910907037283	0.17098713196026
21.328000000000	-0.30676452424136	0.17285587819959
21.352000000000	-0.30440976543991	0.17469699710372
21.376000000000	-0.30204508964108	0.17651044593287
21.400000000000	-0.29967079254314	0.17829618483686
21.424000000000	-0.29728716984495	0.18005417685377
21.448000000000	-0.29489451722073	0.18178438790841
21.472000000000	-0.29249313029492	0.18348678681061
21.496000000000	-0.29008330461682	0.18516134525339
21.520000000000	-0.28766533563533	0.18680803781097
21.544000000000	-0.28523951867358	0.18842684193655
21.568000000000	-0.28280614890348	0.19001773796000
21.592000000000	-0.28036552132029	0.19158070908535
21.616000000000	-0.27791793071707	0.19311574138809
21.640000000000	-0.27546367165907	0.19462282381228
21.664000000000	-0.27300303845810	0.19610194816750
21.688000000000	-0.27053632514684	0.19755310912563
21.712000000000	-0.26806382545303	0.19897630421738
21.736000000000	-0.26558583277365	0.20037153382867
21.760000000000	-0.26310264014903	0.20173880119683
21.784000000000	-0.26061454023685	0.20307811240648
21.808000000000	-0.25812182528614	0.20438947638536
21.832000000000	-0.25562478711112	0.20567290489980
21.856000000000	-0.25312371706506	0.20692841255010
21.880000000000	-0.25061890601403	0.20815601676553
21.904000000000	-0.24811064431057	0.20935573779927
21.928000000000	-0.24559922176729	0.21052759872296
21.952000000000	-0.24308492763043	0.21167162542112
21.976000000000	-0.24056805055328	0.21278784658527
22.000000000000	-0.23804887856960	0.21387629370775
22.024000000000	-0.23552769906695	0.21493700107539
22.048000000000	-0.23300479875987	0.21597000576283
22.072000000000	-0.23048046366312	0.21697534762557
22.096000000000	-0.22795497906472	0.21795306929278
22.120000000000	-0.22542862949903	0.21890321615978
22.144000000000	-0.22290169871964	0.21982583638025
22.168000000000	-0.22037446967232	0.22072098085813
22.192000000000	-0.21784722446779	0.22158870323923
22.216000000000	-0.21532024435448	0.22242905990245
22.240000000000	-0.21279380969121	0.22324210995081
22.264000000000	-0.21026819991983	0.22402791520202
22.288000000000	-0.20774369353772	0.22478654017874
22.312000000000	-0.20522056807035	0.22551805209857
22.336000000000	-0.20269910004366	0.22622252086360
22.360000000000	-0.20017956495648	0.22690001904960
22.384000000000	-0.19766223725283	0.22755062189491
22.408000000000	-0.19514739029418	0.22817440728884
22.432000000000	-0.19263529633175	0.22877145575980
22.456000000000	-0.19012622647858	0.22934185046293
22.480000000000	-0.18762045068179	0.22988567716738
22.504000000000	-0.18511823769460	0.23040302424318
22.528000000000	-0.18261985504844	0.23089398264763
22.552000000000	-0.18012556902499	0.23135864591132
22.576000000000	-0.17763564462817	0.23179711012365
22.600000000000	-0.17515034555618	0.23220947391796
22.624000000000	-0.17266993417347	0.23259583845614
22.648000000000	-0.17019467148268	0.23295630741279
22.672000000000	-0.16772481709663	0.23329098695893
22.696000000000	-0.16526062921030	0.23359998574512
22.720000000000	-0.16280236457278	0.23388341488424
22.744000000000	-0.16035027845925	0.23414138793358
22.768000000000	-0.15790462464298	0.23437402087654
22.792000000000	-0.15546565536740	0.23458143210374
22.816000000000	-0.15303362131808	0.23476374239358
22.840000000000	-0.15060877159488	0.23492107489232
22.864000000000	-0.14819135368406	0.23505355509346
22.888000000000	-0.14578161343046	0.23516131081670
22.912000000000	-0.14337979500979	0.23524447218619
22.936000000000	-0.14098614090087	0.23530317160827
22.960000000000	-0.13860089185809	0.23533754374855
22.984000000000	-0.13622428688382	0.23534772550839
23.008000000000	-0.13385656320101	0.23533385600076
23.032000000000	-0.13149795622580	0.23529607652543
23.056000000000	-0.12914869954032	0.23523453054354
23.080000000000	-0.12680902486556	0.23514936365147
23.104000000000	-0.12447916203435	0.23504072355407
23.128000000000	-0.12215933896451	0.23490876003720
23.152000000000	-0.11984978163214	0.23475362493950
23.176000000000	-0.11755071404500	0.23457547212352
23.200000000000	-0.11526235821616	0.23437445744615
23.224000000000	-0.11298493413767	0.23415073872818
23.248000000000	-0.11071865975462	0.23390447572327
23.272000000000	-0.10846375093913	0.23363583008600
23.296000000000	-0.10622042146475	0.23334496533927
23.320000000000	-0.10398888298099	0.23303204684086
23.344000000000	-0.10176934498804	0.23269724174914
23.368000000000	-0.099562014811754	0.23234071898798
23.392000000000	-0.097367097578860	0.23196264921092
23.416000000000	-0.095184796192425	0.23156320476436
23.440000000000	-0.093015311307563	0.23114255964990
23.464000000000	-0.090858841307408	0.23070088948592
23.488000000000	-0.088715582279369	0.23023837146810
23.512000000000	-0.086585727991682	0.22975518432916
23.536000000000	-0.084469469870200	0.22925150829755
23.560000000000	-0.082366996975577	0.22872752505534
23.584000000000	-0.080278495980650	0.22818341769499
23.608000000000	-0.078204151148240	0.22761937067523
23.632000000000	-0.076144144309209	0.22703556977590
23.656000000000	-0.074098654840889	0.22643220205182
23.680000000000	-0.072067859645837	0.22580945578553
23.704000000000	-0.070051933130943	0.22516752043903
23.728000000000	-0.068051047186863	0.22450658660442
23.752000000000	-0.066065371167871	0.22382684595342
23.776000000000	-0.064095071872013	0.22312849118579
23.800000000000	-0.062140313521662	0.22241171597651
23.824000000000	-0.060201257744439	0.22167671492190
23.848000000000	-0.058278063554502	0.22092368348445
23.872000000000	-0.056370887334220	0.22015281793638
23.896000000000	-0.054479882816211	0.21936431530207
23.920000000000	-0.052605201065773	0.21855837329903
23.944000000000	-0.050746990463672	0.21773519027766
23.968000000000	-0.048905396689313	0.21689496515962
23.992000000000	-0.047080562704280	0.21603789737476
24.016000000000	-0.045272628736227	0.21516418679668
24.040000000000	-0.043481732263135	0.21427403367676
24.064000000000	-0.041708007997910	0.21336763857675
24.088000000000	-0.039951587873313	0.21244520229976
24.112000000000	-0.038212601027215	0.21150692581964
24.136000000000	-0.036491173788155	0.21055301020877
24.160000000000	-0.034787429661189	0.20958365656410
24.184000000000	-0.033101489314001	0.20859906593151
24.208000000000	-0.031433470563262	0.20759943922831
24.232000000000	-0.029783488361213	0.20658497716393
24.256000000000	-0.028151654782408	0.20555588015867
24.280000000000	-0.026538079010655	0.20451234826049
24.304000000000	-0.024942867326033	0.20345458105979
24.328000000000	-0.023366123092003	0.20238277760197
24.352000000000	-0.021807946742548	0.20129713629792
24.376000000000	-0.020268435769285	0.20019785483217
24.400000000000	-0.018747684708493	0.19908513006876
24.424000000000	-0.017245785128018	0.19795915795462
24.448000000000	-0.015762825613947	0.19682013342045
24.472000000000	-0.014298891757002	0.19566825027897
24.496000000000	-0.012854066138576	0.19450370112049
24.520000000000	-0.011428428316299	0.19332667720560
24.544000000000	-0.010022054809050	0.19213736835499
24.568000000000	-0.0086350190812723	0.19093596283615
24.592000000000	-0.0072673915265790	0.18972264724692
24.616000000000	-0.0059192394503635	0.18849760639580
24.640000000000	-0.0045906270513682	0.18726102317869
24.664000000000	-0.0032816154020876	0.18601307845215
24.688000000000	-0.0019922624277462	0.18475395090289
24.712000000000	-0.00072262288371192	0.18348381691338
24.736000000000	0.00052725166882914	0.18220285042333
24.760000000000	0.0017573128891734	0.18091122278712
24.784000000000	0.0029675156856570	0.17960910262656
24.808000000000	0.0041578182466743	0.17829665567931
24.832000000000	0.0053281820743945	0.17697404464231
24.856000000000	0.0064785720216488	0.17564142901029
24.880000000000	0.0076089563320940	0.17429896490907
24.904000000000	0.0087193066842171	0.17294680492333
24.928000000000	0.0098095982394254	0.17158509791881
24.952000000000	0.010879809694750	0.17021398885857
24.976000000000	0.011929923340545	0.16883361861293
25.000000000000	0.012959925123762	0.16744412376323
