#Parameters = {d=5.317902894795; d_passa_faixa=9.8825261741929; e=6.5892246517659e-11; l=5; p=5.3716190856516; p_passa_faixa=10.084210381829; phi=0; r=100; theta=0; u=1.1425808117681e-06; w=0.98825261741929; w_passa_faixa=0.495; z_fss=0.3}
#"Frequency / GHz"	"SZmin(1),Zmax(1) (1) [Real/Imaginary Part] [Re]"	"SZmin(1),Zmax(1) (1) [Real/Imaginary Part] [Im]"
#---------------------------------------------------------------------------------------------------------------------
1.0000000000000	0.027860858088171	0.081743686358635
1.0240000000000	0.029216169053088	0.083545687644992
1.0480000000000	0.030604889990101	0.085337020755933
1.0720000000000	0.032027078080554	0.087117354226961
1.0960000000000	0.033482791260660	0.088886353853428
1.1200000000000	0.034972088221249	0.090643682582258
1.1440000000000	0.036495028406018	0.092389000401733
1.1680000000000	0.038051672008247	0.094121964229302
1.1920000000000	0.039642079965927	0.095842227797369
1.2160000000000	0.041266313955265	0.097549441537004
1.2400000000000	0.042924436382499	0.099243252459540
1.2640000000000	0.044616510373985	0.10092330403599
1.2880000000000	0.046342599764497	0.10258923607423
1.3120000000000	0.048102769083668	0.10424068459397
1.3360000000000	0.049897083540538	0.10587728169928
1.3600000000000	0.051725609006111	0.10749865544882
1.3840000000000	0.053588411993884	0.10910442972362
1.4080000000000	0.055485559638245	0.11069422409233
1.4320000000000	0.057417119670701	0.11226765367393
1.4560000000000	0.059383160393817	0.11382432899779
1.4800000000000	0.061383750652821	0.11536385586113
1.5040000000000	0.063418959804757	0.11688583518363
1.5280000000000	0.065488857685118	0.11838986285936
1.5520000000000	0.067593514571845	0.11987552960571
1.5760000000000	0.069733001146608	0.12134242080952
1.6000000000000	0.071907388453251	0.12279011637010
1.6240000000000	0.074116747853301	0.12421819053923
1.6480000000000	0.076361150978414	0.12562621175808
1.6720000000000	0.078640669679659	0.12701374249083
1.6960000000000	0.080955375973480	0.12838033905506
1.7200000000000	0.083305341984247	0.12972555144887
1.7440000000000	0.085690639883216	0.13104892317446
1.7680000000000	0.088111341823785	0.13234999105832
1.7920000000000	0.090567519872878	0.13362828506784
1.8160000000000	0.093059245938309	0.13488332812431
1.8400000000000	0.095586591691952	0.13611463591217
1.8640000000000	0.098149628488556	0.13732171668457
1.8880000000000	0.10074842728002	0.13850407106503
1.9120000000000	0.10338305852492	0.13966119184519
1.9360000000000	0.10605359209315	0.14079256377862
1.9600000000000	0.10876009716541	0.14189766337049
1.9840000000000	0.11150264212733	0.14297595866323
2.0080000000000	0.11428129445810	0.14402690901785
2.0320000000000	0.11709612061319	0.14504996489111
2.0560000000000	0.11994718590114	0.14604456760833
2.0800000000000	0.12283455435400	0.14701014913170
2.1040000000000	0.12575828859122	0.14794613182431
2.1280000000000	0.12871844967667	0.14885192820946
2.1520000000000	0.13171509696863	0.14972694072551
2.1760000000000	0.13474828796224	0.15057056147601
2.2000000000000	0.13781807812434	0.15138217197518
2.2240000000000	0.14092452072011	0.15216114288860
2.2480000000000	0.14406766663143	0.15290683376911
2.2720000000000	0.14724756416646	0.15361859278789
2.2960000000000	0.15046425886002	0.15429575646057
2.3200000000000	0.15371779326456	0.15493764936856
2.3440000000000	0.15700820673117	0.15554358387529
2.3680000000000	0.16033553518033	0.15611285983761
2.3920000000000	0.16369981086176	0.15664476431207
2.4160000000000	0.16710106210326	0.15713857125635
2.4400000000000	0.17053931304773	0.15759354122562
2.4640000000000	0.17401458337806	0.15800892106389
2.4880000000000	0.17752688802936	0.15838394359050
2.5120000000000	0.18107623688800	0.15871782728157
2.5360000000000	0.18466263447687	0.15900977594663
2.5600000000000	0.18828607962633	0.15925897840043
2.5840000000000	0.19194656513023	0.15946460812989
2.6080000000000	0.19564407738644	0.15962582295646
2.6320000000000	0.19937859602113	0.15974176469387
2.6560000000000	0.20315009349628	0.15981155880138
2.6800000000000	0.20695853469964	0.15983431403274
2.7040000000000	0.21080387651641	0.15980912208095
2.7280000000000	0.21468606738196	0.15973505721902
2.7520000000000	0.21860504681480	0.15961117593695
2.7760000000000	0.22256074492894	0.15943651657512
2.8000000000000	0.22655308192490	0.15921009895433
2.8240000000000	0.23058196755844	0.15893092400291
2.8480000000000	0.23464730058616	0.15859797338094
2.8720000000000	0.23874896818708	0.15821020910228
2.8960000000000	0.24288684535912	0.15776657315444
2.9200000000000	0.24706079428965	0.15726598711698
2.9440000000000	0.25127066369904	0.15670735177880
2.9680000000000	0.25551628815605	0.15608954675475
2.9920000000000	0.25979748736420	0.15541143010232
3.0160000000000	0.26411406541775	0.15467183793876
3.0400000000000	0.26846581002634	0.15386958405950
3.0640000000000	0.27285249170695	0.15300345955852
3.0880000000000	0.27727386294212	0.15207223245136
3.1120000000000	0.28172965730294	0.15107464730177
3.1360000000000	0.28621958853580	0.15000942485279
3.1600000000000	0.29074334961128	0.14887526166329
3.1840000000000	0.29530061173408	0.14767082975110
3.2080000000000	0.29989102331241	0.14639477624371
3.2320000000000	0.30451420888548	0.14504572303805
3.2560000000000	0.30916976800764	0.14362226647040
3.2800000000000	0.31385727408768	0.14212297699802
3.3040000000000	0.31857627318170	0.14054639889415
3.3280000000000	0.32332628273812	0.13889104995772
3.3520000000000	0.32810679029316	0.13715542123991
3.3760000000000	0.33291725211526	0.13533797678918
3.4000000000000	0.33775709179673	0.13343715341704
3.4240000000000	0.34262569879120	0.13145136048656
3.4480000000000	0.34752242689496	0.12937897972600
3.4720000000000	0.35244659267076	0.12721836507023
3.4960000000000	0.35739747381234	0.12496784253227
3.5200000000000	0.36237430744800	0.12262571010814
3.5440000000000	0.36737628838167	0.12019023771774
3.5680000000000	0.37240256726976	0.11765966718520
3.5920000000000	0.37745224873222	0.11503221226205
3.6160000000000	0.38252438939635	0.11230605869679
3.6400000000000	0.38761799587165	0.10947936435481
3.6640000000000	0.39273202265437	0.10655025939278
3.6880000000000	0.39786536996040	0.10351684649174
3.7120000000000	0.40301688148498	0.10037720115363
3.7360000000000	0.40818534208823	0.097129372066128
3.7600000000000	0.41336947540525	0.093771381540881
3.7840000000000	0.41856794137975	0.090301226030644
3.8080000000000	0.42377933372051	0.086716876731100
3.8320000000000	0.42900217727982	0.083016280273406
3.8560000000000	0.43423492535350	0.079197359513888
3.8800000000000	0.43947595690218	0.075258014427615
3.9040000000000	0.44472357369371	0.071196123112947
3.9280000000000	0.44997599736708	0.067009542914502
3.9520000000000	0.45523136641812	0.062696111672340
3.9760000000000	0.46048773310800	0.058253649105565
4.0000000000000	0.46574306029565	0.053679958338887
4.0240000000000	0.47099521819562	0.048972827581111
4.0480000000000	0.47624198106349	0.044130031964877
4.0720000000000	0.48148102381136	0.039149335557385
4.0960000000000	0.48670991855637	0.034028493552227
4.1200000000000	0.49192613110584	0.028765254652835
4.1440000000000	0.49712701738346	0.023357363658438
4.1680000000000	0.50230981980116	0.017802564263802
4.1920000000000	0.50747166358262	0.012098602084393
4.2160000000000	0.51260955304465	0.0062432279189302
4.2400000000000	0.51772036784386	0.00023420126167858
4.2640000000000	0.52280085919689	-0.0059307059229336
4.2880000000000	0.52784764608344	-0.012253705150449
4.3120000000000	0.53285721144242	-0.018736987078150
4.3360000000000	0.53782589837266	-0.025382716865110
4.3600000000000	0.54274990635101	-0.032193029217075
4.3840000000000	0.54762528748172	-0.039170023102572
4.4080000000000	0.55244794279248	-0.046315756126681
4.4320000000000	0.55721361859415	-0.053632238548913
4.4560000000000	0.56191790292241	-0.061121426931793
4.4800000000000	0.56655622208146	-0.068785217406987
4.5040000000000	0.57112383731158	-0.076625438546124
4.5280000000000	0.57561584160401	-0.084643843823971
4.5520000000000	0.58002715668867	-0.092842103662163
4.5760000000000	0.58435253022214	-0.10122179704249
4.6000000000000	0.58858653320513	-0.10978440267954
4.6240000000000	0.59272355766117	-0.11853128974381
4.6480000000000	0.59675781460999	-0.12746370812723
4.6720000000000	0.60068333237134	-0.13658277824518
4.6960000000000	0.60449395523747	-0.14588948037002
4.7200000000000	0.60818334255428	-0.15538464349382
4.7440000000000	0.61174496825377	-0.16506893371964
4.7680000000000	0.61517212088243	-0.17494284218357
4.7920000000000	0.61845790417239	-0.18500667251220
4.8160000000000	0.62159523820433	-0.19526052782364
4.8400000000000	0.62457686121321	-0.20570429728317
4.8640000000000	0.62739533208957	-0.21633764222890
4.8880000000000	0.63004303363118	-0.22715998188625
4.9120000000000	0.63251217660105	-0.23817047869521
4.9360000000000	0.63479480464948	-0.24936802327857
4.9600000000000	0.63688280015848	-0.26075121908489
4.9840000000000	0.63876789106792	-0.27231836674531
5.0080000000000	0.64044165874287	-0.28406744818931
5.0320000000000	0.64189554694157	-0.29599611057085
5.0560000000000	0.64312087194294	-0.30810165006282
5.0800000000000	0.64410883389114	-0.32038099558470
5.1040000000000	0.64485052941329	-0.33283069253558
5.1280000000000	0.64533696556370	-0.34544688661222
5.1520000000000	0.64555907514488	-0.35822530779925
5.1760000000000	0.64550773345182	-0.37116125462683
5.2000000000000	0.64517377648078	-0.38424957879849
5.2240000000000	0.64454802063856	-0.39748467030044
5.2480000000000	0.64362128398108	-0.41086044311074
5.2720000000000	0.64238440900255	-0.42437032163502
5.2960000000000	0.64082828698773	-0.43800722800252
5.3200000000000	0.63894388392971	-0.45176357036308
5.3440000000000	0.63672226800473	-0.46563123233260
5.3680000000000	0.63415463858341	-0.47960156373973
5.3920000000000	0.63123235674441	-0.49366537283191
5.4160000000000	0.62794697724230	-0.50781292010270
5.4400000000000	0.62429028186586	-0.52203391390493
5.4640000000000	0.62025431410678	-0.53631750801633
5.4880000000000	0.61583141504145	-0.55065230132343
5.5120000000000	0.61101426031026	-0.56502633978881
5.5360000000000	0.60579589806046	-0.57942712086251
5.5600000000000	0.60016978769909	-0.59384160049362
5.5840000000000	0.59412983928339	-0.60825620289003
5.6080000000000	0.58767045335627	-0.62265683316480
5.6320000000000	0.58078656101537	-0.63702889299534
5.6560000000000	0.57347366398510	-0.65135729940693
5.6800000000000	0.56572787444335	-0.66562650677503
5.7040000000000	0.55754595433702	-0.67982053212130
5.7280000000000	0.54892535390561	-0.69392298375594
5.7520000000000	0.53986424911753	-0.70791709329458
5.7760000000000	0.53036157771273	-0.72178575105108
5.8000000000000	0.52041707353570	-0.73551154477841
5.8240000000000	0.51003129883636	-0.74907680169934
5.8480000000000	0.49920567421342	-0.76246363373534
5.8720000000000	0.48794250587457	-0.77565398580904
5.8960000000000	0.47624500989212	-0.78862968706001
5.9200000000000	0.46411733314003	-0.80137250477865
5.9440000000000	0.45156457061091	-0.81386420082741
5.9680000000000	0.43859277882697	-0.82608659028347
5.9920000000000	0.42520898508020	-0.83802160200316
6.0160000000000	0.41142119226111	-0.84965134077583
6.0400000000000	0.39723837906501	-0.86095815070462
6.0640000000000	0.38267049539727	-0.87192467942387
6.0880000000000	0.36772845283603	-0.88253394273875
6.1120000000000	0.35242411005088	-0.89276938925181
6.1360000000000	0.33677025311917	-0.90261496452540
6.1600000000000	0.32078057072710	-0.91205517431686
6.1840000000000	0.30446962429030	-0.92107514641751
6.2080000000000	0.28785281307735	-0.92966069062520
6.2320000000000	0.27094633446875	-0.93779835638514
6.2560000000000	0.25376713953323	-0.94547548764415
6.2800000000000	0.23633288415130	-0.95268027447972
6.3040000000000	0.21866187596246	-0.95940180108741
6.3280000000000	0.20077301745671	-0.96563008973756
6.3520000000000	0.18268574557178	-0.97135614034500
6.3760000000000	0.16441996819469	-0.97657196533307
6.4000000000000	0.14599599799904	-0.98127061951486
6.4240000000000	0.12743448407698	-0.98544622476050
6.4480000000000	0.10875634184717	-0.98909398926741
6.4720000000000	0.089982681736449	-0.99221022130169
6.4960000000000	0.071134737143441	-0.99479233733109
6.5200000000000	0.052233792196479	-0.99683886452313
6.5440000000000	0.033301109816216	-0.99834943763526
6.5680000000000	0.014357860585269	-0.99932479037586
6.5920000000000	-0.0045749470868935	-0.99976674136595
6.6160000000000	-0.023476535035215	-0.99967817487930
6.6400000000000	-0.042326421202771	-0.99906301658420
6.6640000000000	-0.061104482882866	-0.99792620455144
6.6880000000000	-0.079791016959183	-0.99627365583088
6.7120000000000	-0.098366796801034	-0.99411222893122
6.7360000000000	-0.11681312551096	-0.99144968256618
6.7600000000000	-0.13511188526434	-0.98829463105238
6.7840000000000	-0.15324558252469	-0.98465649676221
6.8080000000000	-0.17119738896286	-0.98054546004672
6.8320000000000	-0.18895117795351	-0.97597240705066
6.8560000000000	-0.20649155656621	-0.97094887584332
6.8800000000000	-0.22380389301215	-0.96548700128600
6.9040000000000	-0.24087433954857	-0.95959945904875
6.9280000000000	-0.25768985088284	-0.95329940917764
6.9520000000000	-0.27423819815445	-0.94660043959752
6.9760000000000	-0.29050797860773	-0.93951650991651
7.0000000000000	-0.30648862109791	-0.93206189587625
7.0240000000000	-0.32217038760136	-0.92425113476756
7.0480000000000	-0.33754437092377	-0.91609897210503
7.0720000000000	-0.35260248882064	-0.90762030982594
7.0960000000000	-0.36733747476068	-0.89883015625075
7.1200000000000	-0.38174286557589	-0.88974357801270
7.1440000000000	-0.39581298625128	-0.88037565413523
7.1680000000000	-0.40954293211372	-0.87074143240657
7.1920000000000	-0.42292854868216	-0.86085588817288
7.2160000000000	-0.43596640944203	-0.85073388564368
7.2400000000000	-0.44865379180371	-0.84039014177720
7.2640000000000	-0.46098865150073	-0.82983919278866
7.2880000000000	-0.47296959567585	-0.81909536330109
7.3120000000000	-0.48459585489479	-0.80817273813723
7.3360000000000	-0.49586725431700	-0.79708513673106
7.3600000000000	-0.50678418424107	-0.78584609012019
7.3840000000000	-0.51734757022999	-0.77446882046441
7.4080000000000	-0.52755884300795	-0.76296622302169
7.4320000000000	-0.53741990830630	-0.75135085050133
7.4560000000000	-0.54693311682227	-0.73963489970336
7.4800000000000	-0.55610123443939	-0.72783020034526
7.5040000000000	-0.56492741284408	-0.71594820597008
7.5280000000000	-0.57341516065910	-0.70399998682509
7.5520000000000	-0.58156831520000	-0.69199622459630
7.5760000000000	-0.58939101494797	-0.67994720888170
7.6000000000000	-0.59688767281888	-0.66786283528527
7.6240000000000	-0.60406295029663	-0.65575260501336
7.6480000000000	-0.61092173248677	-0.64362562585642
7.6720000000000	-0.61746910413570	-0.63149061444043
7.6960000000000	-0.62371032665055	-0.61935589963532
7.7200000000000	-0.62965081614534	-0.60722942701056
7.7440000000000	-0.63529612253043	-0.59511876423215
7.7680000000000	-0.64065190965434	-0.58303110729900
7.7920000000000	-0.64572393649992	-0.57097328752157
7.8160000000000	-0.65051803943043	-0.55895177915024
7.8400000000000	-0.65504011547545	-0.54697270756585
7.8640000000000	-0.65929610664140	-0.53504185794995
7.8880000000000	-0.66329198522720	-0.52316468435751
7.9120000000000	-0.66703374012184	-0.51134631911989
7.9360000000000	-0.67052736405728	-0.49959158251102
7.9600000000000	-0.67377884178770	-0.48790499261483
7.9840000000000	-0.67679413916362	-0.47629077533682
8.0080000000000	-0.67957919306804	-0.46475287450745
8.0320000000000	-0.68213990218011	-0.45329496202966
8.0560000000000	-0.68448211853116	-0.44192044802725
8.0800000000000	-0.68661163981709	-0.43063249095504
8.1040000000000	-0.68853420243106	-0.41943400763590
8.1280000000000	-0.69025547518011	-0.40832768319320
8.1520000000000	-0.69178105364976	-0.39731598085130
8.1760000000000	-0.69311645518086	-0.38640115157966
8.2000000000000	-0.69426711442375	-0.37558524355937
8.2240000000000	-0.69523837943519	-0.36487011145413
8.2480000000000	-0.69603550828478	-0.35425742546984
8.2720000000000	-0.69666366613814	-0.34374868019017
8.2960000000000	-0.69712792278542	-0.33334520317712
8.3200000000000	-0.69743325058481	-0.32304816332814
8.3440000000000	-0.69758452279171	-0.31285857898317
8.3680000000000	-0.69758651224556	-0.30277732577663
8.3920000000000	-0.69744389038752	-0.29280514423105
8.4160000000000	-0.69716122658343	-0.28294264709054
8.4400000000000	-0.69674298772765	-0.27319032639344
8.4640000000000	-0.69619353810471	-0.26354856028468
8.4880000000000	-0.69551713948679	-0.25401761956940
8.5120000000000	-0.69471795144644	-0.24459767401042
8.5360000000000	-0.69380003186486	-0.23528879837258
8.5600000000000	-0.69276733761750	-0.22609097821806
8.5840000000000	-0.69162372541954	-0.21700411545707
8.6080000000000	-0.69037295281516	-0.20802803365905
8.6320000000000	-0.68901867929537	-0.19916248312959
8.6560000000000	-0.68756446753027	-0.19040714575918
8.6800000000000	-0.68601378470238	-0.18176163964948
8.7040000000000	-0.68437000392896	-0.17322552352375
8.7280000000000	-0.68263640576170	-0.16479830092764
8.7520000000000	-0.68081617975319	-0.15647942422711
8.7760000000000	-0.67891242608046	-0.14826829840996
8.8000000000000	-0.67692815721643	-0.14016428469792
8.8240000000000	-0.67486629964090	-0.13216670397575
8.8480000000000	-0.67272969558343	-0.12427484004422
8.8720000000000	-0.67052110479105	-0.11648794270358
8.8960000000000	-0.66824320631426	-0.10880523067399
8.9200000000000	-0.66589860030545	-0.10122589435956
8.9440000000000	-0.66348980982434	-0.093749098462166
8.9680000000000	-0.66101928264553	-0.086373984451486
8.9920000000000	-0.65848939306372	-0.079099672897193
9.0160000000000	-0.65590244369248	-0.071925265669380
9.0400000000000	-0.65326066725317	-0.064849848012971
9.0640000000000	-0.65056622835047	-0.057872490501781
9.0880000000000	-0.64782122523179	-0.050992250877699
9.1120000000000	-0.64502769152796	-0.044208175780315
9.1360000000000	-0.64218759797279	-0.037519302372112
9.1600000000000	-0.63930285409962	-0.030924659864211
9.1840000000000	-0.63637530991295	-0.024423270947443
9.2080000000000	-0.63340675753374	-0.018014153133379
9.2320000000000	-0.63039893281692	-0.011696320009758
9.2560000000000	-0.62735351694012	-0.0054687824145919
9.2800000000000	-0.62427213796263	0.00066945046693217
9.3040000000000	-0.62115637235368	0.0067193700788314
9.3280000000000	-0.61800774648965	0.012681967540180
9.3520000000000	-0.61482773811958	0.018558232756828
9.3760000000000	-0.61161777779855	0.024349153595507
9.4000000000000	-0.60837925028890	0.030055715117009
9.4240000000000	-0.60511349592889	0.035678898865255
9.4480000000000	-0.60182181196902	0.041219682209239
9.4720000000000	-0.59850545387576	0.046679037734926
9.4960000000000	-0.59516563660310	0.052057932684377
9.5200000000000	-0.59180353583182	0.057357328439434
9.5440000000000	-0.58842028917697	0.062578180047481
9.5680000000000	-0.58501699736363	0.067721435786879
9.5920000000000	-0.58159472537156	0.072788036769805
9.6160000000000	-0.57815450354882	0.077778916580331
9.6400000000000	-0.57469732869506	0.082695000945685
9.6640000000000	-0.57122416511479	0.087537207438733
9.6880000000000	-0.56773594564113	0.092306445209846
9.7120000000000	-0.56423357263060	0.097003614746352
9.7360000000000	-0.56071791892944	0.10162960765794
9.7600000000000	-0.55718982881203	0.10618530648637
9.7840000000000	-0.55365011889194	0.11067158453811
9.8080000000000	-0.55009957900623	0.11508930573824
9.8320000000000	-0.54653897307354	0.11943932450456
9.8560000000000	-0.54296903992657	0.12372248564038
9.8800000000000	-0.53939049411951	0.12793962424492
9.9040000000000	-0.53580402671112	0.13209156564011
9.9280000000000	-0.53221030602389	0.13617912531271
9.9520000000000	-0.52860997837999	0.14020310887076
9.9760000000000	-0.52500366881457	0.14416431201336
10.000000000000	-0.52139198176698	0.14806352051285
10.024000000000	-0.51777550175047	0.15190151020855
10.048000000000	-0.51415479400103	0.15567904701126
10.072000000000	-0.51053040510580	0.15939688691766
10.096000000000	-0.50690286361175	0.16305577603402
10.120000000000	-0.50327268061507	0.16665645060839
10.144000000000	-0.49964035033187	0.17019963707075
10.168000000000	-0.49600635065075	0.17368605208038
10.192000000000	-0.49237114366764	0.17711640258003
10.216000000000	-0.48873517620355	0.18049138585618
10.240000000000	-0.48509888030573	0.18381168960504
10.264000000000	-0.48146267373262	0.18707799200366
10.288000000000	-0.47782696042315	0.19029096178586
10.312000000000	-0.47419213095090	0.19345125832239
10.336000000000	-0.47055856296350	0.19655953170507
10.360000000000	-0.46692662160771	0.19961642283443
10.384000000000	-0.46329665994075	0.20262256351058
10.408000000000	-0.45966901932814	0.20557857652687
10.432000000000	-0.45604402982854	0.20848507576617
10.456000000000	-0.45242201056608	0.21134266629944
10.480000000000	-0.44880327009035	0.21415194448617
10.504000000000	-0.44518810672473	0.21691349807670
10.528000000000	-0.44157680890316	0.21962790631595
10.552000000000	-0.43796965549589	0.22229574004848
10.576000000000	-0.43436691612448	0.22491756182461
10.600000000000	-0.43076885146644	0.22749392600743
10.624000000000	-0.42717571354977	0.23002537888048
10.648000000000	-0.42358774603785	0.23251245875604
10.672000000000	-0.42000518450487	0.23495569608373
10.696000000000	-0.41642825670212	0.23735561355934
10.720000000000	-0.41285718281555	0.23971272623384
10.744000000000	-0.40929217571474	0.24202754162227
10.768000000000	-0.40573344119366	0.24430055981258
10.792000000000	-0.40218117820338	0.24653227357409
10.816000000000	-0.39863557907719	0.24872316846576
10.840000000000	-0.39509682974812	0.25087372294392
10.864000000000	-0.39156510995935	0.25298440846948
10.888000000000	-0.38804059346755	0.25505568961457
10.912000000000	-0.38452344823954	0.25708802416852
10.936000000000	-0.38101383664237	0.25908186324303
10.960000000000	-0.37751191562713	0.26103765137661
10.984000000000	-0.37401783690658	0.26295582663814
11.008000000000	-0.37053174712701	0.26483682072954
11.032000000000	-0.36705378803425	0.26668105908745
11.056000000000	-0.36358409663425	0.26848896098402
11.080000000000	-0.36012280534829	0.27026093962652
11.104000000000	-0.35667004216305	0.27199740225605
11.128000000000	-0.35322593077571	0.27369875024507
11.152000000000	-0.34979059073416	0.27536537919383
11.176000000000	-0.34636413757264	0.27699767902569
11.200000000000	-0.34294668294281	0.27859603408127
11.224000000000	-0.33953833474050	0.28016082321141
11.248000000000	-0.33613919722824	0.28169241986899
11.272000000000	-0.33274937115372	0.28319119219950
11.296000000000	-0.32936895386429	0.28465750313040
11.320000000000	-0.32599803941773	0.28609171045935
11.344000000000	-0.32263671868926	0.28749416694107
11.368000000000	-0.31928507947505	0.28886522037313
11.392000000000	-0.31594320659228	0.29020521368038
11.416000000000	-0.31261118197585	0.29151448499826
11.440000000000	-0.30928908477197	0.29279336775475
11.464000000000	-0.30597699142853	0.29404219075124
11.488000000000	-0.30267497578254	0.29526127824208
11.512000000000	-0.29938310914467	0.29645095001291
11.536000000000	-0.29610146038096	0.29761152145782
11.560000000000	-0.29283009599185	0.29874330365527
11.584000000000	-0.28956908018856	0.29984660344282
11.608000000000	-0.28631847496696	0.30092172349065
11.632000000000	-0.28307834017898	0.30196896237394
11.656000000000	-0.27984873360166	0.30298861464398
11.680000000000	-0.27662971100391	0.30398097089824
11.704000000000	-0.27342132621108	0.30494631784915
11.728000000000	-0.27022363116732	0.30588493839187
11.752000000000	-0.26703667599598	0.30679711167081
11.776000000000	-0.26386050905791	0.30768311314511
11.800000000000	-0.26069517700789	0.30854321465296
11.824000000000	-0.25754072484919	0.30937768447483
11.848000000000	-0.25439719598628	0.31018678739568
11.872000000000	-0.25126463227582	0.31097078476600
11.896000000000	-0.24814307407598	0.31172993456184
11.920000000000	-0.24503256029411	0.31246449144385
11.944000000000	-0.24193312843282	0.31317470681518
11.968000000000	-0.23884481463452	0.31386082887843
11.992000000000	-0.23576765372458	0.31452310269164
12.016000000000	-0.23270167925291	0.31516177022317
12.040000000000	-0.22964692353428	0.31577707040573
12.064000000000	-0.22660341768726	0.31636923918934
12.088000000000	-0.22357119167187	0.31693850959349
12.112000000000	-0.22055027432599	0.31748511175817
12.136000000000	-0.21754069340057	0.31800927299418
12.160000000000	-0.21454247559364	0.31851121783239
12.184000000000	-0.21155564658322	0.31899116807220
12.208000000000	-0.20858023105915	0.31944934282906
12.232000000000	-0.20561625275379	0.31988595858121
12.256000000000	-0.20266373447184	0.32030122921546
12.280000000000	-0.19972269811901	0.32069536607223
12.304000000000	-0.19679316472984	0.32106857798975
12.328000000000	-0.19387515449457	0.32142107134741
12.352000000000	-0.19096868678512	0.32175305010837
12.376000000000	-0.18807378018016	0.32206471586133
12.400000000000	-0.18519045248942	0.32235626786164
12.424000000000	-0.18231872077714	0.32262790307149
12.448000000000	-0.17945860138475	0.32287981619954
12.472000000000	-0.17661010995280	0.32311219973968
12.496000000000	-0.17377326144212	0.32332524400916
12.520000000000	-0.17094807015437	0.32351913718597
12.544000000000	-0.16813454975175	0.32369406534555
12.568000000000	-0.16533271327622	0.32385021249683
12.592000000000	-0.16254257316794	0.32398776061758
12.616000000000	-0.15976414128315	0.32410688968910
12.640000000000	-0.15699742891146	0.32420777773033
12.664000000000	-0.15424244679254	0.32429060083124
12.688000000000	-0.15149920513225	0.32435553318564
12.712000000000	-0.14876771361820	0.32440274712342
12.736000000000	-0.14604798143485	0.32443241314212
12.760000000000	-0.14334001727806	0.32444469993798
12.784000000000	-0.14064382936913	0.32443977443634
12.808000000000	-0.13795942546837	0.32441780182157
12.832000000000	-0.13528681288829	0.32437894556632
12.856000000000	-0.13262599850620	0.32432336746039
12.880000000000	-0.12997698877651	0.32425122763889
12.904000000000	-0.12733978974254	0.32416268460999
12.928000000000	-0.12471440704795	0.32405789528213
12.952000000000	-0.12210084594775	0.32393701499070
12.976000000000	-0.11949911131900	0.32380019752425
13.000000000000	-0.11690920767106	0.32364759515019
13.024000000000	-0.11433113915557	0.32347935864004
13.048000000000	-0.11176490957599	0.32329563729418
13.072000000000	-0.10921052239691	0.32309657896618
13.096000000000	-0.10666798075296	0.32288233008663
13.120000000000	-0.10413728745746	0.32265303568657
13.144000000000	-0.10161844501074	0.32240883942044
13.168000000000	-0.099111455608178	0.32214988358868
13.192000000000	-0.096616321147979	0.32187630915981
13.216000000000	-0.094133043238637	0.32158825579217
13.240000000000	-0.091661623206172	0.32128586185526
13.264000000000	-0.089202062101092	0.32096926445063
13.288000000000	-0.086754360705121	0.32063859943246
13.312000000000	-0.084318519537676	0.32029400142767
13.336000000000	-0.081894538862124	0.31993560385573
13.360000000000	-0.079482418691808	0.31956353894805
13.384000000000	-0.077082158795859	0.31917793776711
13.408000000000	-0.074693758704800	0.31877893022507
13.432000000000	-0.072317217715951	0.31836664510220
13.456000000000	-0.069952534898624	0.31794121006488
13.480000000000	-0.067599709099149	0.31750275168327
13.504000000000	-0.065258738945698	0.31705139544871
13.528000000000	-0.062929622852944	0.31658726579076
13.552000000000	-0.060612359026539	0.31611048609388
13.576000000000	-0.058306945467436	0.31562117871390
13.600000000000	-0.056013379976038	0.31511946499415
13.624000000000	-0.053731660156203	0.31460546528124
13.648000000000	-0.051461783419093	0.31407929894061
13.672000000000	-0.049203746986873	0.31354108437178
13.696000000000	-0.046957547896279	0.31299093902333
13.720000000000	-0.044723183002041	0.31242897940758
13.744000000000	-0.042500648980179	0.31185532111501
13.768000000000	-0.040289942331171	0.31127007882842
13.792000000000	-0.038091059382992	0.31067336633684
13.816000000000	-0.035903996294044	0.31006529654919
13.840000000000	-0.033728749055958	0.30944598150762
13.864000000000	-0.031565313496295	0.30881553240074
13.888000000000	-0.029413685281134	0.30817405957649
13.912000000000	-0.027273859917554	0.30752167255479
13.936000000000	-0.025145832756017	0.30685848004005
13.960000000000	-0.023029598992655	0.30618458993335
13.984000000000	-0.020925153671458	0.30550010934443
14.008000000000	-0.018832491686374	0.30480514460348
14.032000000000	-0.016751607783317	0.30409980127273
14.056000000000	-0.014682496562093	0.30338418415776
14.080000000000	-0.012625152478245	0.30265839731865
14.104000000000	-0.010579569844808	0.30192254408099
14.128000000000	-0.0085457428339982	0.30117672704652
14.152000000000	-0.0065236654788218	0.30042104810380
14.176000000000	-0.0045133316746111	0.29965560843847
14.200000000000	-0.0025147351804921	0.29888050854348
14.224000000000	-0.00052786962078423	0.29809584822907
14.248000000000	0.0014472715136656	0.29730172663257
14.272000000000	0.0034106948642109	0.29649824222803
14.296000000000	0.0053624072031971	0.29568549283570
14.320000000000	0.0073024154328094	0.29486357563128
14.344000000000	0.0092307265839792	0.29403258715507
14.368000000000	0.011147347815345	0.29319262332090
14.392000000000	0.013052286412266	0.29234377942495
14.416000000000	0.014945549785890	0.29148615015436
14.440000000000	0.016827145472264	0.29061982959573
14.464000000000	0.018697081131503	0.28974491124343
14.488000000000	0.020555364546997	0.28886148800778
14.512000000000	0.022402003624665	0.28796965222308
14.536000000000	0.024237006392251	0.28706949565550
14.560000000000	0.026060380998669	0.28616110951082
14.584000000000	0.027872135713374	0.28524458444204
14.608000000000	0.029672278925788	0.28432001055682
14.632000000000	0.031460819144751	0.28338747742486
14.656000000000	0.033237764998015	0.28244707408504
14.680000000000	0.035003125231769	0.28149888905257
14.704000000000	0.036756908710201	0.28054301032586
14.728000000000	0.038499124415092	0.27957952539338
14.752000000000	0.040229781445435	0.27860852124036
14.776000000000	0.041948889017096	0.27763008435535
14.800000000000	0.043656456462491	0.27664430073669
14.824000000000	0.045352493230304	0.27565125589885
14.848000000000	0.047037008885218	0.27465103487865
14.872000000000	0.048710013107684	0.27364372224142
14.896000000000	0.050371515693711	0.27262940208694
14.920000000000	0.052021526554676	0.27160815805541
14.944000000000	0.053660055717160	0.27058007333319
14.968000000000	0.055287113322813	0.26954523065854
14.992000000000	0.056902709628227	0.26850371232713
15.016000000000	0.058506855004840	0.26745560019765
15.040000000000	0.060099559938857	0.26640097569706
15.064000000000	0.061680835031189	0.26533991982599
15.088000000000	0.063250690997410	0.26427251316389
15.112000000000	0.064809138667735	0.26319883587413
15.136000000000	0.066356188987008	0.26211896770905
15.160000000000	0.067891853014714	0.26103298801482
15.184000000000	0.069416141925002	0.25994097573633
15.208000000000	0.070929067006722	0.25884300942190
15.232000000000	0.072430639663480	0.25773916722797
15.256000000000	0.073920871413702	0.25662952692364
15.280000000000	0.075399773890715	0.25551416589521
15.304000000000	0.076867358842837	0.25439316115053
15.328000000000	0.078323638133482	0.25326658932339
15.352000000000	0.079768623741276	0.25213452667774
15.376000000000	0.081202327760176	0.25099704911191
15.400000000000	0.082624762399615	0.24985423216263
15.424000000000	0.084035939984640	0.24870615100913
15.448000000000	0.085435872956069	0.24755288047709
15.472000000000	0.086824573870656	0.24639449504247
15.496000000000	0.088202055401260	0.24523106883536
15.520000000000	0.089568330337027	0.24406267564371
15.544000000000	0.090923411583575	0.24288938891703
15.568000000000	0.092267312163189	0.24171128176995
15.592000000000	0.093600045215021	0.24052842698578
15.616000000000	0.094921623995298	0.23934089701999
15.640000000000	0.096232061877532	0.23814876400363
15.664000000000	0.097531372352740	0.23695209974665
15.688000000000	0.098819569029669	0.23575097574122
15.712000000000	0.10009666563502	0.23454546316491
15.736000000000	0.10136267601367	0.23333563288393
15.760000000000	0.10261761412894	0.23212155545614
15.784000000000	0.10386149406280	0.23090330113421
15.808000000000	0.10509433001613	0.22968093986850
15.832000000000	0.10631613630896	0.22845454131011
15.856000000000	0.10752692738072	0.22722417481366
15.880000000000	0.10872671779049	0.22598990944020
15.904000000000	0.10991552221726	0.22475181395994
15.928000000000	0.11109335546017	0.22350995685498
15.952000000000	0.11226023243879	0.22226440632200
15.976000000000	0.11341616819336	0.22101523027489
16.000000000000	0.11456117788504	0.21976249634726
16.024000000000	0.11569527679620	0.21850627189506
16.048000000000	0.11681848033065	0.21724662399896
16.072000000000	0.11793080401392	0.21598361946686
16.096000000000	0.11903226349350	0.21471732483623
16.120000000000	0.12012287453914	0.21344780637644
16.144000000000	0.12120265304305	0.21217513009109
16.168000000000	0.12227161502022	0.21089936172021
16.192000000000	0.12332977660862	0.20962056674252
16.216000000000	0.12437715406950	0.20833881037755
16.240000000000	0.12541376378764	0.20705415758776
16.264000000000	0.12643962227158	0.20576667308065
16.288000000000	0.12745474615389	0.20447642131079
16.312000000000	0.12845915219141	0.20318346648181
16.336000000000	0.12945285726551	0.20188787254833
16.360000000000	0.13043587838233	0.20058970321795
16.384000000000	0.13140823267301	0.19928902195309
16.408000000000	0.13236993739394	0.19798589197282
16.432000000000	0.13332100992701	0.19668037625472
16.456000000000	0.13426146777982	0.19537253753662
16.480000000000	0.13519132858591	0.19406243831832
16.504000000000	0.13611061010502	0.19275014086335
16.528000000000	0.13701933022327	0.19143570720059
16.552000000000	0.13791750695339	0.19011919912592
16.576000000000	0.13880515843497	0.18880067820385
16.600000000000	0.13968230293461	0.18748020576904
16.624000000000	0.14054895884618	0.18615784292788
16.648000000000	0.14140514469099	0.18483365055997
16.672000000000	0.14225087911800	0.18350768931962
16.696000000000	0.14308618090400	0.18218001963727
16.720000000000	0.14391106895381	0.18085070172094
16.744000000000	0.14472556230045	0.17951979555759
16.768000000000	0.14552968010532	0.17818736091448
16.792000000000	0.14632344165837	0.17685345734053
16.816000000000	0.14710686637827	0.17551814416756
16.840000000000	0.14787997381256	0.17418148051166
16.864000000000	0.14864278363779	0.17284352527434
16.888000000000	0.14939531565971	0.17150433714382
16.912000000000	0.15013758981336	0.17016397459622
16.936000000000	0.15086962616322	0.16882249589669
16.960000000000	0.15159144490335	0.16747995910062
16.984000000000	0.15230306635751	0.16613642205471
17.008000000000	0.15300451097925	0.16479194239809
17.032000000000	0.15369579935201	0.16344657756342
17.056000000000	0.15437695218928	0.16210038477790
17.080000000000	0.15504799033460	0.16075342106435
17.104000000000	0.15570893476172	0.15940574324219
17.128000000000	0.15635980657464	0.15805740792841
17.152000000000	0.15700062700767	0.15670847153860
17.176000000000	0.15763141742553	0.15535899028785
17.200000000000	0.15825219932334	0.15400902019167
17.224000000000	0.15886299432671	0.15265861706695
17.248000000000	0.15946382419178	0.15130783653280
17.272000000000	0.16005471080520	0.14995673401144
17.296000000000	0.16063567618419	0.14860536472906
17.320000000000	0.16120674247652	0.14725378371663
17.344000000000	0.16176793196053	0.14590204581075
17.368000000000	0.16231926704511	0.14455020565444
17.392000000000	0.16286077026969	0.14319831769791
17.416000000000	0.16339246430419	0.14184643619934
17.440000000000	0.16391437194900	0.14049461522564
17.464000000000	0.16442651613493	0.13914290865319
17.488000000000	0.16492891992313	0.13779137016853
17.512000000000	0.16542160650506	0.13644005326912
17.536000000000	0.16590459920238	0.13508901126400
17.560000000000	0.16637792146687	0.13373829727449
17.584000000000	0.16684159688034	0.13238796423486
17.608000000000	0.16729564915450	0.13103806489298
17.632000000000	0.16774010213086	0.12968865181096
17.656000000000	0.16817497978058	0.12833977736581
17.680000000000	0.16860030620433	0.12699149375003
17.704000000000	0.16901610563215	0.12564385297226
17.728000000000	0.16942240242326	0.12429690685786
17.752000000000	0.16981922106591	0.12295070704948
17.776000000000	0.17020658617716	0.12160530500771
17.800000000000	0.17058452250271	0.12026075201161
17.824000000000	0.17095305491664	0.11891709915925
17.848000000000	0.17131220842125	0.11757439736836
17.872000000000	0.17166200814676	0.11623269737677
17.896000000000	0.17200247935109	0.11489204974307
17.920000000000	0.17233364741959	0.11355250484704
17.944000000000	0.17265553786476	0.11221411289027
17.968000000000	0.17296817632596	0.11087692389664
17.992000000000	0.17327158856913	0.10954098771286
18.016000000000	0.17356580048643	0.10820635400899
18.040000000000	0.17385083809594	0.10687307227894
18.064000000000	0.17412672754130	0.10554119184101
18.088000000000	0.17439349509138	0.10421076183837
18.112000000000	0.17465116713988	0.10288183123958
18.136000000000	0.17489977020494	0.10155444883911
18.160000000000	0.17513933092877	0.10022866325780
18.184000000000	0.17536987607719	0.098904522943409
18.208000000000	0.17559143253925	0.097582076171105
18.232000000000	0.17580402732675	0.096261371043955
18.256000000000	0.17600768757378	0.094942455493438
18.280000000000	0.17620244053627	0.093625377279952
18.304000000000	0.17638831359146	0.092310183993323
18.328000000000	0.17656533423741	0.090996923053311
18.352000000000	0.17673353009251	0.089685641710128
18.376000000000	0.17689292889487	0.088376387044954
18.400000000000	0.17704355850184	0.087069205970462
18.424000000000	0.17718544688935	0.085764145231341
18.448000000000	0.17731862215142	0.084461251404836
18.472000000000	0.17744311249947	0.083160570901281
18.496000000000	0.17755894626174	0.081862149964653
18.520000000000	0.17766615188263	0.080566034673119
18.544000000000	0.17776475792204	0.079272270939606
18.568000000000	0.17785479305473	0.077980904512372
18.592000000000	0.17793628606955	0.076691980975586
18.616000000000	0.17800926586881	0.075405545749921
18.640000000000	0.17807376146747	0.074121644093160
18.664000000000	0.17812980199246	0.072840321100813
18.688000000000	0.17817741668185	0.071561621706743
18.712000000000	0.17821663488408	0.070285590683811
18.736000000000	0.17824748605719	0.069012272644533
18.760000000000	0.17826999976791	0.067741712041751
18.784000000000	0.17828420569089	0.066473953169323
18.808000000000	0.17829013360777	0.065209040162827
18.832000000000	0.17828781340634	0.063947017000287
18.856000000000	0.17827727507958	0.062687927502912
18.880000000000	0.17825854872475	0.061431815335856
18.904000000000	0.17823166454245	0.060178724009005
18.928000000000	0.17819665283561	0.058928696877776
18.952000000000	0.17815354400852	0.057681777143946
18.976000000000	0.17810236856579	0.056438007856499
19.000000000000	0.17804315711130	0.055197431912499
19.024000000000	0.17797594034719	0.053960092057994
19.048000000000	0.17790074907266	0.052726030888938
19.072000000000	0.17781761418298	0.051495290852143
19.096000000000	0.17772656666825	0.050267914246266
19.120000000000	0.17762763761230	0.049043943222819
19.144000000000	0.17752085819147	0.047823419787212
19.168000000000	0.17740625967340	0.046606385799830
19.192000000000	0.17728387341582	0.045392882977141
19.216000000000	0.17715373086524	0.044182952892843
19.240000000000	0.17701586355568	0.042976636979042
19.264000000000	0.17687030310737	0.041773976527472
19.288000000000	0.17671708122537	0.040575012690749
19.312000000000	0.17655622969822	0.039379786483674
19.336000000000	0.17638778039653	0.038188338784569
19.360000000000	0.17621176527155	0.037000710336659
19.384000000000	0.17602821635371	0.035816941749502
19.408000000000	0.17583716575115	0.034637073500460
19.432000000000	0.17563864564815	0.033461145936227
19.456000000000	0.17543268830366	0.032289199274395
19.480000000000	0.17521932604963	0.031121273605083
19.504000000000	0.17499859128947	0.029957408892609
19.528000000000	0.17477051649636	0.028797644977230
19.552000000000	0.17453513421162	0.027642021576922
19.576000000000	0.17429247704293	0.026490578289238
19.600000000000	0.17404257766266	0.025343354593213
19.624000000000	0.17378546880602	0.024200389851336
19.648000000000	0.17352118326933	0.023061723311593
19.672000000000	0.17324975390806	0.021927394109569
19.696000000000	0.17297121363506	0.020797441270625
19.720000000000	0.17268559541855	0.019671903712150
19.744000000000	0.17239293228019	0.018550820245878
19.768000000000	0.17209325729308	0.017434229580290
19.792000000000	0.17178660357971	0.016322170323096
19.816000000000	0.17147300430990	0.015214680983796
19.840000000000	0.17115249269862	0.014111799976328
19.864000000000	0.17082510200392	0.013013565621801
19.888000000000	0.17049086552463	0.011920016151327
19.912000000000	0.17014981659816	0.010831189708939
19.936000000000	0.16980198859818	0.0097471243546083
19.960000000000	0.16944741493231	0.0086678580673648
19.984000000000	0.16908612903968	0.0075934287485214
20.008000000000	0.16871816438855	0.0065238742250026
20.032000000000	0.16834355447377	0.0054592322527867
20.056000000000	0.16796233281428	0.0043995405204632
20.080000000000	0.16757453295052	0.0033448366529074
20.104000000000	0.16718018844176	0.0022951582150799
20.128000000000	0.16677933286344	0.0012505427159507
20.152000000000	0.16637199980440	0.00021102761255716
20.176000000000	0.16595822286410	-0.00082334968580276
20.200000000000	0.16553803564971	-0.0018525518132377
20.224000000000	0.16511147177324	-0.0028765414427845
20.248000000000	0.16467856484852	-0.0038952812817774
20.272000000000	0.16423934848817	-0.0049087340670637
20.296000000000	0.16379385630049	-0.0059168625600573
20.320000000000	0.16334212188627	-0.0069196295416263
20.344000000000	0.16288417883557	-0.0079169978068063
20.368000000000	0.16242006072439	-0.0089089301593375
20.392000000000	0.16194980111129	-0.0098953894060144
20.416000000000	0.16147343353395	-0.010876338350847
20.440000000000	0.16099099150562	-0.011851739789019
20.464000000000	0.16050250851152	-0.012821556500646
20.488000000000	0.16000801800513	-0.013785751244319
20.512000000000	0.15950755340448	-0.014744286750423
20.536000000000	0.15900114808823	-0.015697125714237
20.560000000000	0.15848883539176	-0.016644230788787
20.584000000000	0.15797064860315	-0.017585564577460
20.608000000000	0.15744662095906	-0.018521089626361
20.632000000000	0.15691678564048	-0.019450768416411
20.656000000000	0.15638117576846	-0.020374563355163
20.680000000000	0.15583982439968	-0.021292436768342
20.704000000000	0.15529276452195	-0.022204350891088
20.728000000000	0.15474002904956	-0.023110267858894
20.752000000000	0.15418165081857	-0.024010149698227
20.776000000000	0.15361766258195	-0.024903958316821
20.800000000000	0.15304809700464	-0.025791655493628
20.824000000000	0.15247298665845	-0.026673202868412
20.848000000000	0.15189236401686	-0.027548561930984
20.872000000000	0.15130626144965	-0.028417694010042
20.896000000000	0.15071471121749	-0.029280560261623
20.920000000000	0.15011774546629	-0.030137121657138
20.944000000000	0.14951539622145	-0.030987338970980
20.968000000000	0.14890769538197	-0.031831172767684
20.992000000000	0.14829467471439	-0.032668583388627
21.016000000000	0.14767636584659	-0.033499530938236
21.040000000000	0.14705280026144	-0.034323975269705
21.064000000000	0.14642400929020	-0.035141875970185
21.088000000000	0.14579002410583	-0.035953192345426
21.112000000000	0.14515087571612	-0.036757883403861
21.136000000000	0.14450659495656	-0.037555907840094
21.160000000000	0.14385721248308	-0.038347224017776
21.184000000000	0.14320275876453	-0.039131789951842
21.208000000000	0.14254326407505	-0.039909563290079
21.232000000000	0.14187875848607	-0.040680501294004
21.256000000000	0.14120927185826	-0.041444560819007
21.280000000000	0.14053483383306	-0.042201698293751
21.304000000000	0.13985547382413	-0.042951869698776
21.328000000000	0.13917122100844	-0.043695030544277
21.352000000000	0.13848210431717	-0.044431135847034
21.376000000000	0.13778815242623	-0.045160140106432
21.400000000000	0.13708939374664	-0.045881997279559
21.424000000000	0.13638585641447	-0.046596660755310
21.448000000000	0.13567756828059	-0.047304083327483
21.472000000000	0.13496455690001	-0.048004217166797
21.496000000000	0.13424684952095	-0.048697013791794
21.520000000000	0.13352447307352	-0.049382424038579
21.544000000000	0.13279745415806	-0.050060398029329
21.568000000000	0.13206581903308	-0.050730885139526
21.592000000000	0.13132959360283	-0.051393833963853
21.616000000000	0.13058880340449	-0.052049192280683
21.640000000000	0.12984347359481	-0.052696907015100
21.664000000000	0.12909362893648	-0.053336924200385
21.688000000000	0.12833929378387	-0.053969188937882
21.712000000000	0.12758049206841	-0.054593645355172
21.736000000000	0.12681724728335	-0.055210236562480
21.760000000000	0.12604958246813	-0.055818904607210
21.784000000000	0.12527752019204	-0.056419590426532
21.808000000000	0.12450108253743	-0.057012233797913
21.832000000000	0.12372029108222	-0.057596773287495
21.856000000000	0.12293516688188	-0.058173146196205
21.880000000000	0.12214573045062	-0.058741288503489
21.904000000000	0.12135200174204	-0.059301134808537
21.928000000000	0.12055400012890	-0.059852618268880
21.952000000000	0.11975174438228	-0.060395670536208
21.976000000000	0.11894525264981	-0.060930221689287
22.000000000000	0.11813454243319	-0.061456200163782
22.024000000000	0.11731963056476	-0.061973532678868
22.048000000000	0.11650053318320	-0.062482144160406
22.072000000000	0.11567726570823	-0.062981957660545
22.096000000000	0.11484984281439	-0.063472894273517
22.120000000000	0.11401827840366	-0.063954873047432
22.144000000000	0.11318258557704	-0.064427810891852
22.168000000000	0.11234277660501	-0.064891622480897
22.192000000000	0.11149886289666	-0.065346220151640
22.216000000000	0.11065085496766	-0.065791513797512
22.240000000000	0.10979876240682	-0.066227410756444
22.264000000000	0.10894259384124	-0.066653815693422
22.288000000000	0.10808235690002	-0.067070630477149
22.312000000000	0.10721805817638	-0.067477754050448
22.336000000000	0.10634970318811	-0.067875082294042
22.360000000000	0.10547729633637	-0.068262507883314
22.384000000000	0.10460084086259	-0.068639920137625
22.408000000000	0.10372033880352	-0.069007204861716
22.432000000000	0.10283579094424	-0.069364244178740
22.456000000000	0.10194719676902	-0.069710916354369
22.480000000000	0.10105455440997	-0.070047095611439
22.504000000000	0.10015786059332	-0.070372651934523
22.528000000000	0.099257110583230	-0.070687450863793
22.552000000000	0.098352298122928	-0.070991353277481
22.576000000000	0.097443415373103	-0.071284215162190
22.600000000000	0.096530452847368	-0.071565887370269
22.624000000000	0.095613399344620	-0.071836215363377
22.648000000000	0.094692241878138	-0.072095038941333
22.672000000000	0.093766965601225	-0.072342191955237
22.696000000000	0.092837553729196	-0.072577502003802
22.720000000000	0.091903987457504	-0.072800790111731
22.744000000000	0.090966245875782	-0.073011870388897
22.768000000000	0.090024305877560	-0.073210549668972
22.792000000000	0.089078142065404	-0.073396627126042
22.816000000000	0.088127726651207	-0.073569893867641
22.840000000000	0.087173029351348	-0.073730132502477
22.864000000000	0.086214017276409	-0.073877116681013
22.888000000000	0.085250654815132	-0.074010610606888
22.912000000000	0.084282903512252	-0.074130368516991
22.936000000000	0.083310721939859	-0.074236134127829
22.960000000000	0.082334065561883	-0.074327640045611
22.984000000000	0.081352886591277	-0.074404607137235
23.008000000000	0.080367133839462	-0.074466743859144
23.032000000000	0.079376752557561	-0.074513745540697
23.056000000000	0.078381684268894	-0.074545293618459
23.080000000000	0.077381866592219	-0.074561054817404
23.104000000000	0.076377233055131	-0.074560680274725
23.128000000000	0.075367712897007	-0.074543804601494
23.152000000000	0.074353230860844	-0.074510044876973
23.176000000000	0.073333706973315	-0.074458999569876
23.200000000000	0.072309056312280	-0.074390247380331
23.224000000000	0.071279188760989	-0.074303345995653
23.248000000000	0.070244008748151	-0.074197830752381
23.272000000000	0.069203414972969	-0.074073213196223
23.296000000000	0.068157300114245	-0.073928979530743
23.320000000000	0.067105550522534	-0.073764588944624
23.344000000000	0.066048045894347	-0.073579471806325
23.368000000000	0.064984658927297	-0.073373027713685
23.392000000000	0.063915254955039	-0.073144623384748
23.416000000000	0.062839691560825	-0.072893590374552
23.440000000000	0.061757818168426	-0.072619222600910
23.464000000000	0.060669475609119	-0.072320773660336
23.488000000000	0.059574495663442	-0.071997453913090
23.512000000000	0.058472700576321	-0.071648427313900
23.536000000000	0.057363902544244	-0.071272807962140
23.560000000000	0.056247903173076	-0.070869656342154
23.584000000000	0.055124492905184	-0.070437975220825
23.608000000000	0.053993450414594	-0.069976705165496
23.632000000000	0.052854541968962	-0.069484719640717
23.656000000000	0.051707520757319	-0.068960819637050
23.680000000000	0.050552126182743	-0.068403727779155
23.704000000000	0.049388083119400	-0.067812081853482
23.728000000000	0.048215101133792	-0.067184427687986
23.752000000000	0.047032873670572	-0.066519211307138
23.776000000000	0.045841077203977	-0.065814770275050
23.800000000000	0.044639370356845	-0.065069324127274
23.824000000000	0.043427392990324	-0.064280963777864
23.848000000000	0.042204765268914	-0.063447639771782
23.872000000000	0.040971086707413	-0.062567149233782
23.896000000000	0.039725935208793	-0.061637121342555
23.920000000000	0.038468866105223	-0.060655001132891
23.944000000000	0.037199411218461	-0.059618031398034
23.968000000000	0.035917077960993	-0.058523232428358
23.992000000000	0.034621348505849	-0.057367379280049
24.016000000000	0.033311679061344	-0.056146976217087
24.040000000000	0.031987499297702	-0.054858227910139
24.064000000000	0.030648211986100	-0.053497006904714
24.088000000000	0.029293192928071	-0.052058816785886
24.112000000000	0.027921791275632	-0.050538750364797
24.136000000000	0.026533330371100	-0.048931442089330
24.160000000000	0.025127109272673	-0.047231013732935
24.184000000000	0.023702405179602	-0.045431012235666
24.208000000000	0.022258477032808	-0.043524338352412
24.232000000000	0.020794570647513	-0.041503164495533
24.256000000000	0.019309925839837	-0.039358839830452
24.280000000000	0.017803786147618	-0.037081780277445
24.304000000000	0.016275411927950	-0.034661340570996
24.328000000000	0.014724097855260	-0.032085664903439
24.352000000000	0.013149196165039	-0.029341511898561
24.376000000000	0.011550147418354	-0.026414048679137
24.400000000000	0.0099265211414515	-0.023286607552020
24.424000000000	0.0082780694795551	-0.019940397258772
24.448000000000	0.0066047980749132	-0.016354158726922
24.472000000000	0.0049070598507960	-0.012503752670765
24.496000000000	0.0031856794214375	-0.0083616630478911
24.520000000000	0.0014421186938770	-0.0038963960312180
24.544000000000	-0.00032130176360632	0.00092825153022798
24.568000000000	-0.0021011053125790	0.0061540876740143
24.592000000000	-0.0038922573380103	0.011829628336602
24.616000000000	-0.0056876185127832	0.018011464448853
24.640000000000	-0.0074771954758572	0.024765967440562
24.664000000000	-0.0092471052859426	0.032171431293033
24.688000000000	-0.010978131079901	0.040320781445365
24.712000000000	-0.012643686996441	0.049325024380540
24.736000000000	-0.014206918575081	0.059317670500989
24.760000000000	-0.015616520539675	0.070460441730925
24.784000000000	-0.016800623472246	0.082950679187248
24.808000000000	-0.017657726696660	0.097030998301656
24.832000000000	-0.018043036200506	0.11300189363493
24.856000000000	-0.017747525664541	0.13123814258491
24.880000000000	-0.016465256372306	0.15220989629506
24.904000000000	-0.013741390545231	0.17650899610867
24.928000000000	-0.0088878714026802	0.20487956534658
24.952000000000	-0.00084409530608847	0.23824733944197
24.976000000000	0.012056864534850	0.27772941444191
25.000000000000	0.032483222374604	0.32457189447179
