#Parameters = {d=9.5051559838931; d_passa_faixa=11.118252561128; e=3.984381e-11; l=5; p=10.89725559975; p_passa_faixa=11.773094507628; phi=0; r=281.16907657059; theta=0; u=1.2566e-06; w=1.9837076625897; w_passa_faixa=0.13385049465315; z_fss=0.2}
#"Frequency / GHz"	"SZmin(1),Zmax(1) (2) [Real/Imaginary Part] [Re]"	"SZmin(1),Zmax(1) (2) [Real/Imaginary Part] [Im]"
#---------------------------------------------------------------------------------------------------------------------
1.0000000000000	0.90021122268443	-0.38852718127027
1.0240000000000	0.89582285636635	-0.39702554107631
1.0480000000000	0.89134109319782	-0.40546845298193
1.0720000000000	0.88676670029042	-0.41385475754449
1.0960000000000	0.88210045990911	-0.42218330668122
1.1200000000000	0.87734316929858	-0.43045296385426
1.1440000000000	0.87249564050813	-0.43866260425319
1.1680000000000	0.86755870021527	-0.44681111497509
1.1920000000000	0.86253318954787	-0.45489739520210
1.2160000000000	0.85741996390501	-0.46292035637663
1.2400000000000	0.85221989277650	-0.47087892237410
1.2640000000000	0.84693385956111	-0.47877202967333
1.2880000000000	0.84156276138348	-0.48659862752459
1.3120000000000	0.83610750890977	-0.49435767811532
1.3360000000000	0.83056902616201	-0.50204815673354
1.3600000000000	0.82494825033122	-0.50966905192894
1.3840000000000	0.81924613158930	-0.51721936567179
1.4080000000000	0.81346363289953	-0.52469811350956
1.4320000000000	0.80760172982602	-0.53210432472130
1.4560000000000	0.80166141034177	-0.53943704246980
1.4800000000000	0.79564367463553	-0.54669532395168
1.5040000000000	0.78954953491743	-0.55387824054512
1.5280000000000	0.78338001522332	-0.56098487795555
1.5520000000000	0.77713615121795	-0.56801433635917
1.5760000000000	0.77081898999675	-0.57496573054425
1.6000000000000	0.76442958988653	-0.58183819005043
1.6240000000000	0.75796902024476	-0.58863085930572
1.6480000000000	0.75143836125766	-0.59534289776154
1.6720000000000	0.74483870373703	-0.60197348002550
1.6960000000000	0.73817114891572	-0.60852179599219
1.7200000000000	0.73143680824189	-0.61498705097169
1.7440000000000	0.72463680317192	-0.62136846581613
1.7680000000000	0.71777226496201	-0.62766527704399
1.7920000000000	0.71084433445848	-0.63387673696236
1.8160000000000	0.70385416188674	-0.64000211378697
1.8400000000000	0.69680290663892	-0.64604069176017
1.8640000000000	0.68969173706013	-0.65199177126666
1.8880000000000	0.68252183023337	-0.65785466894713
1.9120000000000	0.67529437176314	-0.66362871780967
1.9360000000000	0.66801055555755	-0.66931326733898
1.9600000000000	0.66067158360915	-0.67490768360336
1.9840000000000	0.65327866577432	-0.68041134935950
2.0080000000000	0.64583301955127	-0.68582366415497
2.0320000000000	0.63833586985661	-0.69114404442843
2.0560000000000	0.63078844880056	-0.69637192360757
2.0800000000000	0.62319199546064	-0.70150675220468
2.1040000000000	0.61554775565405	-0.70654799790989
2.1280000000000	0.60785698170854	-0.71149514568200
2.1520000000000	0.60012093223184	-0.71634769783691
2.1760000000000	0.59234087187972	-0.72110517413358
2.2000000000000	0.58451807112252	-0.72576711185755
2.2240000000000	0.57665380601031	-0.73033306590186
2.2480000000000	0.56874935793658	-0.73480260884550
2.2720000000000	0.56080601340050	-0.73917533102925
2.2960000000000	0.55282506376774	-0.74345084062881
2.3200000000000	0.54480780502984	-0.74762876372538
2.3440000000000	0.53675553756222	-0.75170874437343
2.3680000000000	0.52866956588070	-0.75569044466578
2.3920000000000	0.52055119839668	-0.75957354479584
2.4160000000000	0.51240174717084	-0.76335774311704
2.4400000000000	0.50422252766556	-0.76704275619931
2.4640000000000	0.49601485849587	-0.77062831888276
2.4880000000000	0.48778006117915	-0.77411418432819
2.5120000000000	0.47951945988338	-0.77750012406475
2.5360000000000	0.47123438117418	-0.78078592803444
2.5600000000000	0.46292615376049	-0.78397140463344
2.5840000000000	0.45459610823902	-0.78705638075039
2.6080000000000	0.44624557683739	-0.79004070180135
2.6320000000000	0.43787589315615	-0.79292423176149
2.6560000000000	0.42948839190954	-0.79570685319352
2.6800000000000	0.42108440866510	-0.79838846727268
2.7040000000000	0.41266527958217	-0.80096899380834
2.7280000000000	0.40423234114934	-0.80344837126211
2.7520000000000	0.39578692992076	-0.80582655676242
2.7760000000000	0.38733038225152	-0.80810352611557
2.8000000000000	0.37886403403204	-0.81027927381305
2.8240000000000	0.37038922042152	-0.81235381303532
2.8480000000000	0.36190727558051	-0.81432717565173
2.8720000000000	0.35341953240270	-0.81619941221675
2.8960000000000	0.34492732224586	-0.81797059196235
2.9200000000000	0.33643197466210	-0.81964080278653
2.9440000000000	0.32793481712744	-0.82121015123785
2.9680000000000	0.31943717477080	-0.82267876249609
2.9920000000000	0.31094037010236	-0.82404678034886
3.0160000000000	0.30244572274152	-0.82531436716415
3.0400000000000	0.29395454914436	-0.82648170385874
3.0640000000000	0.28546816233072	-0.82754898986257
3.0880000000000	0.27698787161109	-0.82851644307882
3.1120000000000	0.26851498231312	-0.82938429983982
3.1360000000000	0.26005079550809	-0.83015281485867
3.1600000000000	0.25159660773724	-0.83082226117660
3.1840000000000	0.24315371073809	-0.83139293010593
3.2080000000000	0.23472339117084	-0.83186513116871
3.2320000000000	0.22630693034491	-0.83223919203096
3.2560000000000	0.21790560394571	-0.83251545843240
3.2800000000000	0.20952068176170	-0.83269429411183
3.3040000000000	0.20115342741184	-0.83277608072792
3.3280000000000	0.19280509807356	-0.83276121777554
3.3520000000000	0.18447694421123	-0.83265012249752
3.3760000000000	0.17617020930532	-0.83244322979187
3.4000000000000	0.16788612958228	-0.83214099211440
3.4240000000000	0.15962593374527	-0.83174387937678
3.4480000000000	0.15139084270583	-0.83125237883993
3.4720000000000	0.14318206931648	-0.83066699500284
3.4960000000000	0.13500081810456	-0.82998824948671
3.5200000000000	0.12684828500720	-0.82921668091452
3.5440000000000	0.11872565710757	-0.82835284478585
3.5680000000000	0.11063411237263	-0.82739731334712
3.5920000000000	0.10257481939230	-0.82635067545722
3.6160000000000	0.094548937120237	-0.82521353644835
3.6400000000000	0.086557614616375	-0.82398651798239
3.6640000000000	0.078601990791196	-0.82267025790250
3.6880000000000	0.070683194151949	-0.82126541008020
3.7120000000000	0.062802342550857	-0.81977264425775
3.7360000000000	0.054960542935438	-0.81819264588599
3.7600000000000	0.047158891101035	-0.81652611595762
3.7840000000000	0.039398471445655	-0.81477377083587
3.8080000000000	0.031680356727234	-0.81293634207869
3.8320000000000	0.024005607823407	-0.81101457625842
3.8560000000000	0.016375273493916	-0.80900923477698
3.8800000000000	0.0087903901457171	-0.80692109367666
3.9040000000000	0.0012519816009418	-0.80475094344645
3.9280000000000	-0.0062389411322336	-0.80249958882405
3.9520000000000	-0.013681380085682	-0.80016784859357
3.9760000000000	-0.021074350554294	-0.79775655537890
4.0000000000000	-0.028416881315713	-0.79526655543288
4.0240000000000	-0.035708014846736	-0.79269870842234
4.0480000000000	-0.042946807536297	-0.79005388720891
4.0720000000000	-0.050132329894920	-0.78733297762585
4.0960000000000	-0.057263666760543	-0.78453687825083
4.1200000000000	-0.064339917500633	-0.78166650017475
4.1440000000000	-0.071360196210484	-0.77872276676673
4.1680000000000	-0.078323631907607	-0.77570661343521
4.1920000000000	-0.085229368722130	-0.77261898738534
4.2160000000000	-0.092076566083102	-0.76946084737270
4.2400000000000	-0.098864398900623	-0.76623316345339
4.2640000000000	-0.10559205774371	-0.76293691673065
4.2880000000000	-0.11225874901382	-0.75957309909795
4.3120000000000	-0.11886369511393	-0.75614271297880
4.3360000000000	-0.12540613461311	-0.75264677106326
4.3600000000000	-0.13188532240649	-0.74908629604121
4.3840000000000	-0.13830052987056	-0.74546232033263
4.4080000000000	-0.14465104501376	-0.74177588581475
4.4320000000000	-0.15093617262216	-0.73802804354637
4.4560000000000	-0.15715523440033	-0.73421985348933
4.4800000000000	-0.16330756910725	-0.73035238422728
4.5040000000000	-0.16939253268707	-0.72642671268181
4.5280000000000	-0.17540949839496	-0.72244392382608
4.5520000000000	-0.18135785691767	-0.71840511039601
4.5760000000000	-0.18723701648892	-0.71431137259922
4.6000000000000	-0.19304640299951	-0.71016381782174
4.6240000000000	-0.19878546010217	-0.70596356033259
4.6480000000000	-0.20445364931089	-0.70171172098644
4.6720000000000	-0.21005045009502	-0.69740942692442
4.6960000000000	-0.21557535996771	-0.69305781127307
4.7200000000000	-0.22102789456900	-0.68865801284181
4.7440000000000	-0.22640758774323	-0.68421117581872
4.7680000000000	-0.23171399161095	-0.67971844946506
4.7920000000000	-0.23694667663519	-0.67518098780843
4.8160000000000	-0.24210523168203	-0.67059994933475
4.8400000000000	-0.24718926407555	-0.66597649667926
4.8640000000000	-0.25219839964704	-0.66131179631654
4.8880000000000	-0.25713228277851	-0.65660701824973
4.9120000000000	-0.26199057644040	-0.65186333569909
4.9360000000000	-0.26677296222362	-0.64708192479001
4.9600000000000	-0.27147914036572	-0.64226396424055
4.9840000000000	-0.27610882977134	-0.63741063504865
5.0080000000000	-0.28066176802684	-0.63252312017927
5.0320000000000	-0.28513771140919	-0.62760260425128
5.0560000000000	-0.28953643488898	-0.62265027322459
5.0800000000000	-0.29385773212769	-0.61766731408732
5.1040000000000	-0.29810141546925	-0.61265491454338
5.1280000000000	-0.30226731592567	-0.60761426270041
5.1520000000000	-0.30635528315703	-0.60254654675830
5.1760000000000	-0.31036518544572	-0.59745295469839
5.2000000000000	-0.31429690966489	-0.59233467397345
5.2240000000000	-0.31815036124123	-0.58719289119858
5.2480000000000	-0.32192546411212	-0.58202879184316
5.2720000000000	-0.32562216067702	-0.57684355992397
5.2960000000000	-0.32924041174334	-0.57163837769954
5.3200000000000	-0.33278019646670	-0.56641442536592
5.3440000000000	-0.33624151228557	-0.56117288075401
5.3680000000000	-0.33962437485052	-0.55591491902843
5.3920000000000	-0.34292881794786	-0.55064171238821
5.4160000000000	-0.34615489341802	-0.54535442976927
5.4400000000000	-0.34930267106837	-0.54005423654895
5.4640000000000	-0.35237223858090	-0.53474229425253
5.4880000000000	-0.35536370141445	-0.52941976026201
5.5120000000000	-0.35827718270188	-0.52408778752714
5.5360000000000	-0.36111282314199	-0.51874752427889
5.5600000000000	-0.36387078088631	-0.51340011374538
5.5840000000000	-0.36655123142100	-0.50804669387046
5.6080000000000	-0.36915436744360	-0.50268839703500
5.6320000000000	-0.37168039873501	-0.49732634978095
5.6560000000000	-0.37412955202658	-0.49196167253834
5.6800000000000	-0.37650207086245	-0.48659547935527
5.7040000000000	-0.37879821545718	-0.48122887763099
5.7280000000000	-0.38101826254884	-0.47586296785219
5.7520000000000	-0.38316250524747	-0.47049884333250
5.7760000000000	-0.38523125287916	-0.46513758995543
5.8000000000000	-0.38722483082575	-0.45978028592069
5.8240000000000	-0.38914358036017	-0.45442800149406
5.8480000000000	-0.39098785847773	-0.44908179876089
5.8720000000000	-0.39275803772310	-0.44374273138321
5.8960000000000	-0.39445450601344	-0.43841184436068
5.9200000000000	-0.39607766645749	-0.43309017379532
5.9440000000000	-0.39762793717080	-0.42777874666016
5.9680000000000	-0.39910575108733	-0.42247858057185
5.9920000000000	-0.40051155576724	-0.41719068356727
6.0160000000000	-0.40184581320120	-0.41191605388432
6.0400000000000	-0.40310899961122	-0.40665567974677
6.0640000000000	-0.40430160524809	-0.40141053915340
6.0880000000000	-0.40542413418558	-0.39618159967133
6.1120000000000	-0.40647710411140	-0.39096981823374
6.1360000000000	-0.40746104611517	-0.38577614094194
6.1600000000000	-0.40837650447332	-0.38060150287183
6.1840000000000	-0.40922403643122	-0.37544682788484
6.2080000000000	-0.41000421198243	-0.37031302844339
6.2320000000000	-0.41071761364535	-0.36520100543088
6.2560000000000	-0.41136483623731	-0.36011164797622
6.2800000000000	-0.41194648664610	-0.35504583328307
6.3040000000000	-0.41246318359923	-0.35000442646364
6.3280000000000	-0.41291555743094	-0.34498828037718
6.3520000000000	-0.41330424984693	-0.33999823547325
6.3760000000000	-0.41362991368717	-0.33503511963956
6.4000000000000	-0.41389321268672	-0.33009974805476
6.4240000000000	-0.41409482123464	-0.32519292304582
6.4480000000000	-0.41423542413123	-0.32031543395029
6.4720000000000	-0.41431571634361	-0.31546805698335
6.4960000000000	-0.41433640275973	-0.31065155510965
6.5200000000000	-0.41429819794102	-0.30586667791996
6.5440000000000	-0.41420182587358	-0.30111416151269
6.5680000000000	-0.41404801971824	-0.29639472838022
6.5920000000000	-0.41383752155950	-0.29170908730005
6.6160000000000	-0.41357108215331	-0.28705793323081
6.6400000000000	-0.41324946067409	-0.28244194721310
6.6640000000000	-0.41287342446077	-0.27786179627513
6.6880000000000	-0.41244374876216	-0.27331813334323
6.7120000000000	-0.41196121648173	-0.26881159715713
6.7360000000000	-0.41142661792173	-0.26434281219008
6.7600000000000	-0.41084075052697	-0.25991238857373
6.7840000000000	-0.41020441862824	-0.25552092202782
6.8080000000000	-0.40951843318539	-0.25116899379457
6.8320000000000	-0.40878361153036	-0.24685717057791
6.8560000000000	-0.40800077711006	-0.24258600448731
6.8800000000000	-0.40717075922934	-0.23835603298642
6.9040000000000	-0.40629439279396	-0.23416777884628
6.9280000000000	-0.40537251805392	-0.23002175010328
6.9520000000000	-0.40440598034693	-0.22591844002165
6.9760000000000	-0.40339562984233	-0.22185832706060
7.0000000000000	-0.40234232128547	-0.21784187484599
7.0240000000000	-0.40124691374259	-0.21386953214655
7.0480000000000	-0.40011027034638	-0.20994173285454
7.0720000000000	-0.39893325804220	-0.20605889597095
7.0960000000000	-0.39771674733514	-0.20222142559504
7.1200000000000	-0.39646161203786	-0.19842971091829
7.1440000000000	-0.39516872901947	-0.19468412622274
7.1680000000000	-0.39383897795540	-0.19098503088352
7.1920000000000	-0.39247324107830	-0.18733276937576
7.2160000000000	-0.39107240293017	-0.18372767128560
7.2400000000000	-0.38963735011574	-0.18017005132548
7.2640000000000	-0.38816897105713	-0.17666020935343
7.2880000000000	-0.38666815574984	-0.17319843039657
7.3120000000000	-0.38513579552029	-0.16978498467850
7.3360000000000	-0.38357278278477	-0.16642012765079
7.3600000000000	-0.38198001081002	-0.16310410002830
7.3840000000000	-0.38035837347545	-0.15983712782844
7.4080000000000	-0.37870876503699	-0.15661942241424
7.4320000000000	-0.37703207989276	-0.15345118054115
7.4560000000000	-0.37532921235058	-0.15033258440764
7.4800000000000	-0.37360105639724	-0.14726380170939
7.5040000000000	-0.37184850546982	-0.14424498569711
7.5280000000000	-0.37007245222890	-0.14127627523794
7.5520000000000	-0.36827378833384	-0.13835779488032
7.5760000000000	-0.36645340422017	-0.13548965492230
7.6000000000000	-0.36461218887902	-0.13267195148325
7.6240000000000	-0.36275102963884	-0.12990476657891
7.6480000000000	-0.36087081194925	-0.12718816819962
7.6720000000000	-0.35897241916725	-0.12452221039189
7.6960000000000	-0.35705673234562	-0.12190693334304
7.7200000000000	-0.35512463002379	-0.11934236346890
7.7440000000000	-0.35317698802106	-0.11682851350465
7.7680000000000	-0.35121467923223	-0.11436538259850
7.7920000000000	-0.34923857342571	-0.11195295640842
7.8160000000000	-0.34724953704416	-0.10959120720157
7.8400000000000	-0.34524843300764	-0.10728009395665
7.8640000000000	-0.34323612051934	-0.10501956246891
7.8880000000000	-0.34121345487392	-0.10280954545783
7.9120000000000	-0.33918128726845	-0.10064996267746
7.9360000000000	-0.33714046461609	-0.098540721029204
7.9600000000000	-0.33509182936236	-0.096481714677235
7.9840000000000	-0.33303621930416	-0.094472825166188
8.0080000000000	-0.33097446741161	-0.092513921541318
8.0320000000000	-0.32890740165251	-0.090604860470912
8.0560000000000	-0.32683584481970	-0.088745486370962
8.0800000000000	-0.32476061436116	-0.086935631532020
8.1040000000000	-0.32268252221299	-0.085175116248160
8.1280000000000	-0.32060237463517	-0.083463748948018
8.1520000000000	-0.31852097205023	-0.081801326327827
8.1760000000000	-0.31643910888477	-0.080187633486383
8.2000000000000	-0.31435757341391	-0.078622444061909
8.2240000000000	-0.31227714760856	-0.077105520370729
8.2480000000000	-0.31019860698573	-0.075636613547707
8.2720000000000	-0.30812272046166	-0.074215463688394
8.2960000000000	-0.30605025020791	-0.072841799992810
8.3200000000000	-0.30398195151049	-0.071515340910822
8.3440000000000	-0.30191857263178	-0.070235794289047
8.3680000000000	-0.29986085467558	-0.069002857519226
8.3920000000000	-0.29780953145503	-0.067816217688009
8.4160000000000	-0.29576532936350	-0.066675551728099
8.4400000000000	-0.29372896724852	-0.065580526570695
8.4640000000000	-0.29170115628863	-0.064530799299185
8.4880000000000	-0.28968259987324	-0.063526017304010
8.5120000000000	-0.28767399348550	-0.062565818438681
8.5360000000000	-0.28567602458804	-0.061649831176860
8.5600000000000	-0.28368937251188	-0.060777674770475
8.5840000000000	-0.28171470834811	-0.059948959408789
8.6080000000000	-0.27975269484272	-0.059163286378399
8.6320000000000	-0.27780398629432	-0.058420248224098
8.6560000000000	-0.27586922845481	-0.057719428910531
8.6800000000000	-0.27394905843309	-0.057060403984631
8.7040000000000	-0.27204410460168	-0.056442740738743
8.7280000000000	-0.27015498650629	-0.055865998374417
8.7520000000000	-0.26828231477833	-0.055329728166795
8.7760000000000	-0.26642669105041	-0.054833473629562
8.8000000000000	-0.26458870787469	-0.054376770680397
8.8240000000000	-0.26276894864423	-0.053959147806882
8.8480000000000	-0.26096798751714	-0.053580126232819
8.8720000000000	-0.25918638934375	-0.053239220084905
8.8960000000000	-0.25742470959658	-0.052935936559722
8.9200000000000	-0.25568349430322	-0.052669776090997
8.9440000000000	-0.25396327998202	-0.052440232517068
8.9680000000000	-0.25226459358069	-0.052246793248540
8.9920000000000	-0.25058795241773	-0.052088939436057
9.0160000000000	-0.24893386412660	-0.051966146138168
9.0400000000000	-0.24730282660275	-0.051877882489225
9.0640000000000	-0.24569532795346	-0.051823611867282
9.0880000000000	-0.24411184645039	-0.051802792061948
9.1120000000000	-0.24255285048490	-0.051814875442148
9.1360000000000	-0.24101879852615	-0.051859309123759
9.1600000000000	-0.23951013908180	-0.051935535137067
9.1840000000000	-0.23802731066159	-0.052042990594018
9.2080000000000	-0.23657074174340	-0.052181107855220
9.2320000000000	-0.23514085074210	-0.052349314696639
9.2560000000000	-0.23373804598104	-0.052547034475984
9.2800000000000	-0.23236272566602	-0.052773686298705
9.3040000000000	-0.23101527786206	-0.053028685183599
9.3280000000000	-0.22969608047259	-0.053311442227964
9.3520000000000	-0.22840550122124	-0.053621364772274
9.3760000000000	-0.22714389763621	-0.053957856564344
9.4000000000000	-0.22591161703708	-0.054320317922934
9.4240000000000	-0.22470899652415	-0.054708145900774
9.4480000000000	-0.22353636297021	-0.055120734446969
9.4720000000000	-0.22239403301483	-0.055557474568739
9.4960000000000	-0.22128231306091	-0.056017754492491
9.5200000000000	-0.22020149927385	-0.056500959824154
9.5440000000000	-0.21915187758283	-0.057006473708768
9.5680000000000	-0.21813372368465	-0.057533676989298
9.5920000000000	-0.21714730304977	-0.058081948364620
9.6160000000000	-0.21619287093065	-0.058650664546676
9.6400000000000	-0.21527067237244	-0.059239200416749
9.6640000000000	-0.21438094222577	-0.059846929180838
9.6880000000000	-0.21352390516189	-0.060473222524102
9.7120000000000	-0.21269977568991	-0.061117450764344
9.7360000000000	-0.21190875817625	-0.061778983004512
9.7600000000000	-0.21115104686620	-0.062457187284183
9.7840000000000	-0.21042682590758	-0.063151430730012
9.8080000000000	-0.20973626937650	-0.063861079705118
9.8320000000000	-0.20907954130516	-0.064585499957376
9.8560000000000	-0.20845679571168	-0.065324056766596
9.8800000000000	-0.20786817663192	-0.066076115090569
9.9040000000000	-0.20731381815325	-0.066841039709948
9.9280000000000	-0.20679384445030	-0.067618195371945
9.9520000000000	-0.20630836982261	-0.068406946932825
9.9760000000000	-0.20585749873410	-0.069206659499171
10.000000000000	-0.20544132585447	-0.070016698567900
10.024000000000	-0.20505993610242	-0.070836430165011
10.048000000000	-0.20471340469059	-0.071665220983044
10.072000000000	-0.20440179717236	-0.072502438517230
10.096000000000	-0.20412516949029	-0.073347451200314
10.120000000000	-0.20388356802638	-0.074199628536033
10.144000000000	-0.20367702965390	-0.075058341231235
10.168000000000	-0.20350558179090	-0.075922961326606
10.192000000000	-0.20336924245540	-0.076792862326015
10.216000000000	-0.20326802032206	-0.077667419324435
10.240000000000	-0.20320191478051	-0.078546009134440
10.264000000000	-0.20317091599512	-0.079428010411262
10.288000000000	-0.20317500496633	-0.080312803776380
10.312000000000	-0.20321415359343	-0.081199771939648
10.336000000000	-0.20328832473874	-0.082088299819932
10.360000000000	-0.20339747229329	-0.082977774664251
10.384000000000	-0.20354154124375	-0.083867586165405
10.408000000000	-0.20372046774082	-0.084757126578087
10.432000000000	-0.20393417916886	-0.085645790833458
10.456000000000	-0.20418259421688	-0.086532976652174
10.480000000000	-0.20446562295069	-0.087418084655866
10.504000000000	-0.20478316688637	-0.088300518477054
10.528000000000	-0.20513511906490	-0.089179684867486
10.552000000000	-0.20552136412790	-0.090054993804896
10.576000000000	-0.20594177839463	-0.090925858598178
10.600000000000	-0.20639622993997	-0.091791695990951
10.624000000000	-0.20688457867356	-0.092651926263533
10.648000000000	-0.20740667641996	-0.093505973333295
10.672000000000	-0.20796236699979	-0.094353264853400
10.696000000000	-0.20855148631195	-0.095193232309921
10.720000000000	-0.20917386241668	-0.096025311117334
10.744000000000	-0.20982931561965	-0.096848940712367
10.768000000000	-0.21051765855687	-0.097663564646230
10.792000000000	-0.21123869628053	-0.098468630675190
10.816000000000	-0.21199222634566	-0.099263590849510
10.840000000000	-0.21277803889756	-0.10004790160074
10.864000000000	-0.21359591676009	-0.10082102382737
10.888000000000	-0.21444563552463	-0.10158242297879
10.912000000000	-0.21532696363983	-0.10233156913769
10.936000000000	-0.21623966250204	-0.10306793710070
10.960000000000	-0.21718348654635	-0.10379100645746
10.984000000000	-0.21815818333838	-0.10450026166797
11.008000000000	-0.21916349366658	-0.10519519213836
11.032000000000	-0.22019915163515	-0.10587529229498
11.056000000000	-0.22126488475755	-0.10654006165679
11.080000000000	-0.22236041405046	-0.10718900490620
11.104000000000	-0.22348545412835	-0.10782163195815
11.128000000000	-0.22463971329839	-0.10843745802769
11.152000000000	-0.22582289365595	-0.10903600369576
11.176000000000	-0.22703469118039	-0.10961679497347
11.200000000000	-0.22827479583134	-0.11017936336469
11.224000000000	-0.22954289164532	-0.11072324592696
11.248000000000	-0.23083865683265	-0.11124798533090
11.272000000000	-0.23216176387477	-0.11175312991791
11.296000000000	-0.23351187962176	-0.11223823375627
11.320000000000	-0.23488866539022	-0.11270285669566
11.344000000000	-0.23629177706128	-0.11314656442005
11.368000000000	-0.23772086517891	-0.11356892849904
11.392000000000	-0.23917557504841	-0.11396952643758
11.416000000000	-0.24065554683505	-0.11434794172408
11.440000000000	-0.24216041566282	-0.11470376387703
11.464000000000	-0.24368981171338	-0.11503658849000
11.488000000000	-0.24524336032506	-0.11534601727508
11.512000000000	-0.24682068209191	-0.11563165810480
11.536000000000	-0.24842139296284	-0.11589312505250
11.560000000000	-0.25004510434082	-0.11613003843119
11.584000000000	-0.25169142318196	-0.11634202483084
11.608000000000	-0.25335995209473	-0.11652871715423
11.632000000000	-0.25505028943906	-0.11668975465123
11.656000000000	-0.25676202942535	-0.11682478295168
11.680000000000	-0.25849476221349	-0.11693345409669
11.704000000000	-0.26024807401173	-0.11701542656853
11.728000000000	-0.26202154717541	-0.11707036531910
11.752000000000	-0.26381476030560	-0.11709794179686
11.776000000000	-0.26562728834757	-0.11709783397243
11.800000000000	-0.26745870268900	-0.11706972636266
11.824000000000	-0.26930857125817	-0.11701331005341
11.848000000000	-0.27117645862172	-0.11692828272088
11.872000000000	-0.27306192608237	-0.11681434865148
11.896000000000	-0.27496453177622	-0.11667121876049
11.920000000000	-0.27688383076993	-0.11649861060923
11.944000000000	-0.27881937515752	-0.11629624842094
11.968000000000	-0.28077071415687	-0.11606386309532
11.992000000000	-0.28273739420595	-0.11580119222176
12.016000000000	-0.28471895905868	-0.11550798009125
12.040000000000	-0.28671494988045	-0.11518397770704
12.064000000000	-0.28872490534325	-0.11482894279396
12.088000000000	-0.29074836172045	-0.11444263980651
12.112000000000	-0.29278485298117	-0.11402483993577
12.136000000000	-0.29483391088424	-0.11357532111493
12.160000000000	-0.29689506507172	-0.11309386802375
12.184000000000	-0.29896784316201	-0.11258027209172
12.208000000000	-0.30105177084249	-0.11203433150009
12.232000000000	-0.30314637196169	-0.11145585118268
12.256000000000	-0.30525116862100	-0.11084464282557
12.280000000000	-0.30736568126588	-0.11020052486560
12.304000000000	-0.30948942877656	-0.10952332248782
12.328000000000	-0.31162192855827	-0.10881286762173
12.352000000000	-0.31376269663087	-0.10806899893648
12.376000000000	-0.31591124771799	-0.10729156183502
12.400000000000	-0.31806709533568	-0.10648040844706
12.424000000000	-0.32022975188038	-0.10563539762114
12.448000000000	-0.32239872871643	-0.10475639491551
12.472000000000	-0.32457353626296	-0.10384327258813
12.496000000000	-0.32675368408018	-0.10289590958551
12.520000000000	-0.32893868095514	-0.10191419153071
12.544000000000	-0.33112803498685	-0.10089801071028
12.568000000000	-0.33332125367073	-0.099847266060254
12.592000000000	-0.33551784398259	-0.098761863151191
12.616000000000	-0.33771731246185	-0.097641714172325
12.640000000000	-0.33991916529416	-0.096486737914765
12.664000000000	-0.34212290839346	-0.095296859753813
12.688000000000	-0.34432804748331	-0.094072011630394
12.712000000000	-0.34653408817757	-0.092812132031621
12.736000000000	-0.34874053606048	-0.091517165970508
12.760000000000	-0.35094689676606	-0.090187064964845
12.784000000000	-0.35315267605676	-0.088821787015252
12.808000000000	-0.35535737990162	-0.087421296582424
12.832000000000	-0.35756051455353	-0.085985564563585
12.856000000000	-0.35976158662598	-0.084514568268169
12.880000000000	-0.36196010316906	-0.083008291392730
12.904000000000	-0.36415557174478	-0.081466723995112
12.928000000000	-0.36634750050164	-0.079889862467880
12.952000000000	-0.36853539824864	-0.078277709511041
12.976000000000	-0.37071877452845	-0.076630274104049
13.000000000000	-0.37289713968993	-0.074947571477128
13.024000000000	-0.37507000496001	-0.073229623081918
13.048000000000	-0.37723688251476	-0.071476456561460
13.072000000000	-0.37939728554980	-0.069688105719524
13.096000000000	-0.38155072835002	-0.067864610489321
13.120000000000	-0.38369672635856	-0.066006016901573
13.144000000000	-0.38583479624506	-0.064112377051996
13.168000000000	-0.38796445597327	-0.062183749068170
13.192000000000	-0.39008522486785	-0.060220197075848
13.216000000000	-0.39219662368054	-0.058221791164683
13.240000000000	-0.39429817465555	-0.056188607353407
13.264000000000	-0.39638940159428	-0.054120727554464
13.288000000000	-0.39846982991929	-0.052018239538124
13.312000000000	-0.40053898673757	-0.049881236896066
13.336000000000	-0.40259640090314	-0.047709819004466
13.360000000000	-0.40464160307884	-0.045504090986596
13.384000000000	-0.40667412579748	-0.043264163674928
13.408000000000	-0.40869350352225	-0.040990153572789
13.432000000000	-0.41069927270645	-0.038682182815542
13.456000000000	-0.41269097185247	-0.036340379131334
13.480000000000	-0.41466814157006	-0.033964875801399
13.504000000000	-0.41663032463395	-0.031555811619952
13.528000000000	-0.41857706604069	-0.029113330853656
13.552000000000	-0.42050791306485	-0.026637583200697
13.576000000000	-0.42242241531446	-0.024128723749466
13.600000000000	-0.42432012478584	-0.021586912936862
13.624000000000	-0.42620059591761	-0.019012316506219
13.648000000000	-0.42806338564409	-0.016405105464880
13.672000000000	-0.42990805344802	-0.013765456041419
13.696000000000	-0.43173416141254	-0.011093549642519
13.720000000000	-0.43354127427247	-0.0083895728095233
13.744000000000	-0.43532895946502	-0.0056537171746597
13.768000000000	-0.43709678717963	-0.0028861794169583
13.792000000000	-0.43884433040733	-8.7161217861270e-05
13.816000000000	-0.44057116498930	0.0027431307834619
13.840000000000	-0.44227686966478	0.0056044850350836
13.864000000000	-0.44396102611833	0.0084966851175685
13.888000000000	-0.44562321902643	0.011419509789490
13.912000000000	-0.44726303610339	0.014372733033211
13.936000000000	-0.44888006814663	0.017356124100919
13.960000000000	-0.45047390908125	0.020369447560905
13.984000000000	-0.45204415600402	0.023412463344083
14.008000000000	-0.45359040922671	0.026484926790741
14.032000000000	-0.45511227231866	0.029586588697512
14.056000000000	-0.45660935214891	0.032717195364570
14.080000000000	-0.45808125892749	0.035876488643029
14.104000000000	-0.45952760624622	0.039064205982550
14.128000000000	-0.46094801111877	0.042280080479141
14.152000000000	-0.46234209402021	0.045523840923152
14.176000000000	-0.46370947892580	0.048795211847454
14.200000000000	-0.46504979334926	0.052093913575792
14.224000000000	-0.46636266838039	0.055419662271315
14.248000000000	-0.46764773872207	0.058772169985273
14.272000000000	-0.46890464272665	0.062151144705872
14.296000000000	-0.47013302243173	0.065556290407286
14.320000000000	-0.47133252359533	0.068987307098822
14.344000000000	-0.47250279573052	0.072443890874227
14.368000000000	-0.47364349213933	0.075925733961134
14.392000000000	-0.47475426994621	0.079432524770649
14.416000000000	-0.47583479013076	0.082963947947065
14.440000000000	-0.47688471756000	0.086519684417697
14.464000000000	-0.47790372101994	0.090099411442851
14.488000000000	-0.47889147324668	0.093702802665892
14.512000000000	-0.47984765095683	0.097329528163444
14.536000000000	-0.48077193487741	0.10097925449568
14.560000000000	-0.48166400977519	0.10465164475673
14.584000000000	-0.48252356448541	0.10834635862519
14.608000000000	-0.48335029194000	0.11206305241470
14.632000000000	-0.48414388919517	0.11580137912466
14.656000000000	-0.48490405745845	0.11956098849100
14.680000000000	-0.48563050211526	0.12334152703703
14.704000000000	-0.48632293275478	0.12714263812441
14.728000000000	-0.48698106319540	0.13096396200418
14.752000000000	-0.48760461150953	0.13480513586784
14.776000000000	-0.48819330004790	0.13866579389850
14.800000000000	-0.48874685546333	0.14254556732218
14.824000000000	-0.48926500873391	0.14644408445906
14.848000000000	-0.48974749518567	0.15036097077486
14.872000000000	-0.49019405451474	0.15429584893229
14.896000000000	-0.49060443080888	0.15824833884249
14.920000000000	-0.49097837256861	0.16221805771657
14.944000000000	-0.49131563272767	0.16620462011722
14.968000000000	-0.49161596867302	0.17020763801030
14.992000000000	-0.49187914226436	0.17422672081653
15.016000000000	-0.49210491985299	0.17826147546321
15.040000000000	-0.49229307230027	0.18231150643596
15.064000000000	-0.49244337499548	0.18637641583050
15.088000000000	-0.49255560787321	0.19045580340447
15.112000000000	-0.49262955543018	0.19454926662929
15.136000000000	-0.49266500674155	0.19865640074202
15.160000000000	-0.49266175547675	0.20277679879726
15.184000000000	-0.49261959991478	0.20691005171908
15.208000000000	-0.49253834295891	0.21105574835294
15.232000000000	-0.49241779215102	0.21521347551766
15.256000000000	-0.49225775968527	0.21938281805737
15.280000000000	-0.49205806242138	0.22356335889350
15.304000000000	-0.49181852189730	0.22775467907676
15.328000000000	-0.49153896434145	0.23195635783910
15.352000000000	-0.49121922068439	0.23616797264577
15.376000000000	-0.49085912657000	0.24038909924722
15.400000000000	-0.49045852236616	0.24461931173113
15.424000000000	-0.49001725317493	0.24885818257440
15.448000000000	-0.48953516884216	0.25310528269507
15.472000000000	-0.48901212396669	0.25736018150432
15.496000000000	-0.48844797790895	0.26162244695835
15.520000000000	-0.48784259479912	0.26589164561035
15.544000000000	-0.48719584354474	0.27016734266238
15.568000000000	-0.48650759783785	0.27444910201720
15.592000000000	-0.48577773616156	0.27873648633015
15.616000000000	-0.48500614179622	0.28302905706094
15.640000000000	-0.48419270282500	0.28732637452542
15.664000000000	-0.48333731213897	0.29162799794730
15.688000000000	-0.48243986744172	0.29593348550985
15.712000000000	-0.48150027125343	0.30024239440754
15.736000000000	-0.48051843091448	0.30455428089762
15.760000000000	-0.47949425858853	0.30886870035167
15.784000000000	-0.47842767126506	0.31318520730707
15.808000000000	-0.47731859076150	0.31750335551839
15.832000000000	-0.47616694372475	0.32182269800882
15.856000000000	-0.47497266163230	0.32614278712137
15.880000000000	-0.47373568079275	0.33046317457011
15.904000000000	-0.47245594234591	0.33478341149132
15.928000000000	-0.47113339226230	0.33910304849451
15.952000000000	-0.46976798134230	0.34342163571343
15.976000000000	-0.46835966521462	0.34773872285688
16.000000000000	-0.46690840433439	0.35205385925954
16.024000000000	-0.46541416398074	0.35636659393264
16.048000000000	-0.46387691425378	0.36067647561454
16.072000000000	-0.46229663007123	0.36498305282117
16.096000000000	-0.46067329116442	0.36928587389645
16.120000000000	-0.45900688207387	0.37358448706245
16.144000000000	-0.45729739214434	0.37787844046959
16.168000000000	-0.45554481551934	0.38216728224656
16.192000000000	-0.45374915113529	0.38645056055023
16.216000000000	-0.45191040271497	0.39072782361534
16.240000000000	-0.45002857876065	0.39499861980408
16.264000000000	-0.44810369254667	0.39926249765555
16.288000000000	-0.44613576211146	0.40351900593503
16.312000000000	-0.44412481024918	0.40776769368307
16.336000000000	-0.44207086450080	0.41200811026449
16.360000000000	-0.43997395714469	0.41623980541716
16.384000000000	-0.43783412518672	0.42046232930059
16.408000000000	-0.43565141034994	0.42467523254444
16.432000000000	-0.43342585906366	0.42887806629667
16.456000000000	-0.43115752245216	0.43307038227171
16.480000000000	-0.42884645632281	0.43725173279826
16.504000000000	-0.42649272115380	0.44142167086697
16.528000000000	-0.42409638208135	0.44557975017793
16.552000000000	-0.42165750888644	0.44972552518788
16.576000000000	-0.41917617598106	0.45385855115727
16.600000000000	-0.41665246239401	0.45797838419705
16.624000000000	-0.41408645175625	0.46208458131525
16.648000000000	-0.41147823228569	0.46617670046333
16.672000000000	-0.40882789677163	0.47025430058226
16.696000000000	-0.40613554255867	0.47431694164841
16.720000000000	-0.40340127153017	0.47836418471910
16.744000000000	-0.40062519009126	0.48239559197800
16.768000000000	-0.39780740915142	0.48641072678017
16.792000000000	-0.39494804410656	0.49040915369687
16.816000000000	-0.39204721482069	0.49439043856013
16.840000000000	-0.38910504560715	0.49835414850696
16.864000000000	-0.38612166520940	0.50229985202332
16.888000000000	-0.38309720678131	0.50622711898783
16.912000000000	-0.38003180786716	0.51013552071512
16.936000000000	-0.37692561038105	0.51402462999889
16.960000000000	-0.37377876058601	0.51789402115470
16.984000000000	-0.37059140907263	0.52174327006238
17.008000000000	-0.36736371073731	0.52557195420821
17.032000000000	-0.36409582476005	0.52937965272667
17.056000000000	-0.36078791458191	0.53316594644195
17.080000000000	-0.35744014788199	0.53693041790906
17.104000000000	-0.35405269655409	0.54067265145465
17.128000000000	-0.35062573668292	0.54439223321743
17.152000000000	-0.34715944851999	0.54808875118828
17.176000000000	-0.34365401645903	0.55176179524998
17.200000000000	-0.34010962901114	0.55541095721664
17.224000000000	-0.33652647877949	0.55903583087263
17.248000000000	-0.33290476243372	0.56263601201131
17.272000000000	-0.32924468068395	0.56621109847322
17.296000000000	-0.32554643825444	0.56976069018403
17.320000000000	-0.32181024385693	0.57328438919203
17.344000000000	-0.31803631016361	0.57678179970525
17.368000000000	-0.31422485377979	0.58025252812815
17.392000000000	-0.31037609521626	0.58369618309804
17.416000000000	-0.30649025886126	0.58711237552092
17.440000000000	-0.30256757295223	0.59050071860705
17.464000000000	-0.29860826954720	0.59386082790611
17.488000000000	-0.29461258449590	0.59719232134185
17.512000000000	-0.29058075741056	0.60049481924643
17.536000000000	-0.28651303163648	0.60376794439430
17.560000000000	-0.28240965422230	0.60701132203567
17.584000000000	-0.27827087588992	0.61022457992956
17.608000000000	-0.27409695100434	0.61340734837641
17.632000000000	-0.26988813754306	0.61655926025029
17.656000000000	-0.26564469706534	0.61967995103066
17.680000000000	-0.26136689468121	0.62276905883372
17.704000000000	-0.25705499902023	0.62582622444331
17.728000000000	-0.25270928220003	0.62885109134139
17.752000000000	-0.24833001979463	0.63184330573807
17.776000000000	-0.24391749080260	0.63480251660122
17.800000000000	-0.23947197761492	0.63772837568562
17.824000000000	-0.23499376598277	0.64062053756173
17.848000000000	-0.23048314498506	0.64347865964392
17.872000000000	-0.22594040699577	0.64630240221835
17.896000000000	-0.22136584765119	0.64909142847041
17.920000000000	-0.21675976581696	0.65184540451163
17.944000000000	-0.21212246355490	0.65456399940624
17.968000000000	-0.20745424608985	0.65724688519730
17.992000000000	-0.20275542177618	0.65989373693227
18.016000000000	-0.19802630206435	0.66250423268830
18.040000000000	-0.19326720146718	0.66507805359700
18.064000000000	-0.18847843752617	0.66761488386872
18.088000000000	-0.18366033077758	0.67011441081657
18.112000000000	-0.17881320471848	0.67257632487978
18.136000000000	-0.17393738577270	0.67500031964682
18.160000000000	-0.16903320325667	0.67738609187802
18.184000000000	-0.16410098934522	0.67973334152771
18.208000000000	-0.15914107903728	0.68204177176602
18.232000000000	-0.15415381012153	0.68431108900022
18.256000000000	-0.14913952314200	0.68654100289565
18.280000000000	-0.14409856136360	0.68873122639621
18.304000000000	-0.13903127073765	0.69088147574445
18.328000000000	-0.13393799986730	0.69299147050131
18.352000000000	-0.12881909997303	0.69506093356531
18.376000000000	-0.12367492485801	0.69708959119149
18.400000000000	-0.11850583087357	0.69907717300988
18.424000000000	-0.11331217688450	0.70102341204355
18.448000000000	-0.10809432423453	0.70292804472632
18.472000000000	-0.10285263671167	0.70479081092006
18.496000000000	-0.097587480513640	0.70661145393160
18.520000000000	-0.092299224213247	0.70838972052930
18.544000000000	-0.086988238723856	0.71012536095919
18.568000000000	-0.081654897264833	0.71181812896077
18.592000000000	-0.076299575327034	0.71346778178247
18.616000000000	-0.070922650638325	0.71507408019670
18.640000000000	-0.065524503129153	0.71663678851463
18.664000000000	-0.060105514898143	0.71815567460050
18.688000000000	-0.054666070177753	0.71963050988568
18.712000000000	-0.049206555299983	0.72106106938242
18.736000000000	-0.043727358662134	0.72244713169714
18.760000000000	-0.038228870692626	0.72378847904353
18.784000000000	-0.032711483816889	0.72508489725524
18.808000000000	-0.027175592423303	0.72633617579833
18.832000000000	-0.021621592829226	0.72754210778334
18.856000000000	-0.016049883247078	0.72870248997710
18.880000000000	-0.010460863750512	0.72981712281423
18.904000000000	-0.0048549362406468	0.73088581040838
18.928000000000	0.00076749558760177	0.73190836056316
18.952000000000	0.0064060262791273	0.73288458478276
18.976000000000	0.012060248652146	0.73381429828238
19.000000000000	0.017729753831635	0.73469731999832
19.024000000000	0.023414131282673	0.73553347259786
19.048000000000	0.029112968843710	0.73632258248888
19.072000000000	0.034825852759742	0.73706447982918
19.096000000000	0.040552367715403	0.73775899853564
19.120000000000	0.046292096867965	0.73840597629310
19.144000000000	0.052044621880260	0.73900525456304
19.168000000000	0.057809522953505	0.73955667859196
19.192000000000	0.063586378860056	0.74006009741965
19.216000000000	0.069374766976056	0.74051536388722
19.240000000000	0.075174263314022	0.74092233464483
19.264000000000	0.080984442555330	0.74128087015938
19.288000000000	0.086804878082633	0.74159083472188
19.312000000000	0.092635142012190	0.74185209645468
19.336000000000	0.098474805226119	0.74206452731850
19.360000000000	0.10432343740458	0.74222800311935
19.384000000000	0.11018060705788	0.74234240351516
19.408000000000	0.11604588155851	0.74240761202232
19.432000000000	0.12191882717309	0.74242351602208
19.456000000000	0.12779900909431	0.74239000676672
19.480000000000	0.13368599147275	0.74230697938559
19.504000000000	0.13957933744865	0.74217433289105
19.528000000000	0.14547860918365	0.74199197018419
19.552000000000	0.15138336789247	0.74175979806047
19.576000000000	0.15729317387451	0.74147772721519
19.600000000000	0.16320758654548	0.74114567224880
19.624000000000	0.16912616446891	0.74076355167217
19.648000000000	0.17504846538765	0.74033128791163
19.672000000000	0.18097404625538	0.73984880731395
19.696000000000	0.18690246326805	0.73931604015117
19.720000000000	0.19283327189531	0.73873292062529
19.744000000000	0.19876602691191	0.73809938687294
19.768000000000	0.20470028242912	0.73741538096978
19.792000000000	0.21063559192614	0.73668084893491
19.816000000000	0.21657150828145	0.73589574073515
19.840000000000	0.22250758380425	0.73506001028912
19.864000000000	0.22844337026585	0.73417361547134
19.888000000000	0.23437841893108	0.73323651811612
19.912000000000	0.24031228058976	0.73224868402135
19.936000000000	0.24624450558812	0.73121008295226
19.960000000000	0.25217464386033	0.73012068864499
19.984000000000	0.25810224496004	0.72898047881004
20.008000000000	0.26402685809191	0.72778943513570
20.032000000000	0.26994803214326	0.72654754329127
20.056000000000	0.27586531571572	0.72525479293023
20.080000000000	0.28177825715696	0.72391117769325
20.104000000000	0.28768640459252	0.72251669521112
20.128000000000	0.29358930595760	0.72107134710755
20.152000000000	0.29948650902903	0.71957513900181
20.176000000000	0.30537756145726	0.71802808051135
20.200000000000	0.31126201079848	0.71643018525413
20.224000000000	0.31713940454677	0.71478147085099
20.248000000000	0.32300929016637	0.71308195892777
20.272000000000	0.32887121512409	0.71133167511733
20.296000000000	0.33472472692173	0.70953064906143
20.320000000000	0.34056937312869	0.70767891441246
20.344000000000	0.34640470141466	0.70577650883505
20.368000000000	0.35223025958240	0.70382347400742
20.392000000000	0.35804559560070	0.70181985562272
20.416000000000	0.36385025763741	0.69976570339007
20.440000000000	0.36964379409261	0.69766107103551
20.464000000000	0.37542575363192	0.69550601630275
20.488000000000	0.38119568521995	0.69330060095368
20.512000000000	0.38695313815382	0.69104489076881
20.536000000000	0.39269766209698	0.68873895554740
20.560000000000	0.39842880711294	0.68638286910742
20.584000000000	0.40414612369936	0.68397670928534
20.608000000000	0.40984916282216	0.68152055793563
20.632000000000	0.41553747594979	0.67901450093011
20.656000000000	0.42121061508771	0.67645862815701
20.680000000000	0.42686813281297	0.67385303351980
20.704000000000	0.43250958230894	0.67119781493580
20.728000000000	0.43813451740018	0.66849307433452
20.752000000000	0.44374249258754	0.66573891765569
20.776000000000	0.44933306308331	0.66293545484712
20.800000000000	0.45490578484659	0.66008279986213
20.824000000000	0.46046021461876	0.65718107065688
20.848000000000	0.46599590995917	0.65423038918721
20.872000000000	0.47151242928088	0.65123088140531
20.896000000000	0.47700933188664	0.64818267725599
20.920000000000	0.48248617800496	0.64508591067271
20.944000000000	0.48794252882632	0.64194071957318
20.968000000000	0.49337794653958	0.63874724585470
20.992000000000	0.49879199436841	0.63550563538911
21.016000000000	0.50418423660800	0.63221603801737
21.040000000000	0.50955423866173	0.62887860754382
21.064000000000	0.51490156707814	0.62549350172999
21.088000000000	0.52022578958786	0.62206088228811
21.112000000000	0.52552647514079	0.61858091487416
21.136000000000	0.53080319394327	0.61505376908056
21.160000000000	0.53605551749543	0.61147961842840
21.184000000000	0.54128301862862	0.60785864035929
21.208000000000	0.54648527154289	0.60419101622678
21.232000000000	0.55166185184466	0.60047693128733
21.256000000000	0.55681233658429	0.59671657469086
21.280000000000	0.56193630429392	0.59291013947079
21.304000000000	0.56703333502522	0.58905782253369
21.328000000000	0.57210301038723	0.58515982464841
21.352000000000	0.57714491358431	0.58121635043478
21.376000000000	0.58215862945402	0.57722760835181
21.400000000000	0.58714374450511	0.57319381068536
21.424000000000	0.59209984695550	0.56911517353538
21.448000000000	0.59702652677020	0.56499191680262
21.472000000000	0.60192337569937	0.56082426417484
21.496000000000	0.60678998731620	0.55661244311247
21.520000000000	0.61162595705490	0.55235668483380
21.544000000000	0.61643088224853	0.54805722429963
21.568000000000	0.62120436216692	0.54371430019735
21.592000000000	0.62594599805440	0.53932815492459
21.616000000000	0.63065539316753	0.53489903457218
21.640000000000	0.63533215281272	0.53042718890672
21.664000000000	0.63997588438375	0.52591287135248
21.688000000000	0.64458619739920	0.52135633897284
21.712000000000	0.64916270353976	0.51675785245114
21.736000000000	0.65370501668532	0.51211767607095
21.760000000000	0.65821275295204	0.50743607769584
21.784000000000	0.66268553072918	0.50271332874856
21.808000000000	0.66712297071572	0.49794970418964
21.832000000000	0.67152469595688	0.49314548249548
21.856000000000	0.67589033188037	0.48830094563584
21.880000000000	0.68021950633240	0.48341637905077
21.904000000000	0.68451184961354	0.47849207162701
21.928000000000	0.68876699451425	0.47352831567380
21.952000000000	0.69298457635020	0.46852540689817
21.976000000000	0.69716423299724	0.46348364437958
22.000000000000	0.70130560492617	0.45840333054417
22.024000000000	0.70540833523714	0.45328477113826
22.048000000000	0.70947206969376	0.44812827520150
22.072000000000	0.71349645675681	0.44293415503933
22.096000000000	0.71748114761769	0.43770272619494
22.120000000000	0.72142579623145	0.43243430742076
22.144000000000	0.72533005934943	0.42712922064933
22.168000000000	0.72919359655152	0.42178779096368
22.192000000000	0.73301607027801	0.41641034656723
22.216000000000	0.73679714586103	0.41099721875312
22.240000000000	0.74053649155550	0.40554874187308
22.264000000000	0.74423377856967	0.40006525330577
22.288000000000	0.74788868109520	0.39454709342466
22.312000000000	0.75150087633670	0.38899460556542
22.336000000000	0.75507004454085	0.38340813599286
22.360000000000	0.75859586902494	0.37778803386735
22.384000000000	0.76207803620491	0.37213465121086
22.408000000000	0.76551623562291	0.36644834287254
22.432000000000	0.76891015997419	0.36072946649383
22.456000000000	0.77225950513358	0.35497838247322
22.480000000000	0.77556397018122	0.34919545393054
22.504000000000	0.77882325742788	0.34338104667093
22.528000000000	0.78203707243956	0.33753552914836
22.552000000000	0.78520512406151	0.33165927242879
22.576000000000	0.78832712444165	0.32575265015307
22.600000000000	0.79140278905334	0.31981603849935
22.624000000000	0.79443183671751	0.31384981614533
22.648000000000	0.79741398962413	0.30785436423003
22.672000000000	0.80034897335303	0.30183006631542
22.696000000000	0.80323651689404	0.29577730834770
22.720000000000	0.80607635266643	0.28969647861829
22.744000000000	0.80886821653771	0.28358796772462
22.768000000000	0.81161184784169	0.27745216853071
22.792000000000	0.81430698939582	0.27128947612745
22.816000000000	0.81695338751787	0.26510028779281
22.840000000000	0.81955079204186	0.25888500295174
22.864000000000	0.82209895633325	0.25264402313601
22.888000000000	0.82459763730340	0.24637775194389
22.912000000000	0.82704659542336	0.24008659499963
22.936000000000	0.82944559473681	0.23377095991299
22.960000000000	0.83179440287234	0.22743125623850
22.984000000000	0.83409279105492	0.22106789543482
23.008000000000	0.83634053411667	0.21468129082394
23.032000000000	0.83853741050685	0.20827185755042
23.056000000000	0.84068320230108	0.20184001254058
23.080000000000	0.84277769520980	0.19538617446175
23.104000000000	0.84482067858602	0.18891076368147
23.128000000000	0.84681194543225	0.18241420222686
23.152000000000	0.84875129240667	0.17589691374397
23.176000000000	0.85063851982862	0.16935932345725
23.200000000000	0.85247343168322	0.16280185812914
23.224000000000	0.85425583562531	0.15622494601982
23.248000000000	0.85598554298263	0.14962901684706
23.272000000000	0.85766236875821	0.14301450174625
23.296000000000	0.85928613163204	0.13638183323074
23.320000000000	0.86085665396203	0.12973144515217
23.344000000000	0.86237376178415	0.12306377266132
23.368000000000	0.86383728481192	0.11637925216894
23.392000000000	0.86524705643514	0.10967832130707
23.416000000000	0.86660291371790	0.10296141889054
23.440000000000	0.86790469739585	0.096228984878827
23.464000000000	0.86915225187286	0.089481460338264
23.488000000000	0.87034542521688	0.082719287404555
23.512000000000	0.87148406915516	0.075942909245719
23.536000000000	0.87256803906882	0.069152770025419
23.560000000000	0.87359719398669	0.062349314866687
23.584000000000	0.87457139657856	0.055532989816105
23.608000000000	0.87549051314773	0.048704241808431
23.632000000000	0.87635441362299	0.041863518631706
23.656000000000	0.87716297154993	0.035011268892844
23.680000000000	0.87791606408167	0.028147941983733
23.704000000000	0.87861357196898	0.021273988047869
23.728000000000	0.87925537954984	0.014389857947534
23.752000000000	0.87984137473844	0.0074960032315321
23.776000000000	0.88037144901361	0.00059287610350612
23.800000000000	0.88084549740676	-0.0063190706091416
23.824000000000	0.88126341848924	-0.013239383485727
23.848000000000	0.88162511435927	-0.020167608542126
23.872000000000	0.88193049062836	-0.027103291259981
23.896000000000	0.88217945640724	-0.034045976615237
23.920000000000	0.88237192429140	-0.040995209106008
23.944000000000	0.88250781034620	-0.047950532779766
23.968000000000	0.88258703409149	-0.054911491259814
23.992000000000	0.88260951848596	-0.061877627771051
24.016000000000	0.88257518991107	-0.068848485165007
24.040000000000	0.88248397815459	-0.075823605944142
24.064000000000	0.88233581639393	-0.082802532285387
24.088000000000	0.88213064117905	-0.089784806062925
24.112000000000	0.88186839241516	-0.096769968870193
24.136000000000	0.88154901334515	-0.10375756204111
24.160000000000	0.88117245053177	-0.11074712667049
24.184000000000	0.88073865383961	-0.11773820363367
24.208000000000	0.88024757641689	-0.12473033360534
24.232000000000	0.87969917467705	-0.13172305707749
24.256000000000	0.87909340828031	-0.13871591437658
24.280000000000	0.87843024011496	-0.14570844567990
24.304000000000	0.87770963627867	-0.15270019103099
24.328000000000	0.87693156605970	-0.15969069035434
24.352000000000	0.87609600191808	-0.16667948346909
24.376000000000	0.87520291946671	-0.17366611010205
24.400000000000	0.87425229745261	-0.18065010989965
24.424000000000	0.87324411773805	-0.18763102243923
24.448000000000	0.87217836528185	-0.19460838723931
24.472000000000	0.87105502812073	-0.20158174376907
24.496000000000	0.86987409735077	-0.20855063145690
24.520000000000	0.86863556710904	-0.21551458969818
24.544000000000	0.86733943455539	-0.22247315786206
24.568000000000	0.86598569985441	-0.22942587529744
24.592000000000	0.86457436615768	-0.23637228133809
24.616000000000	0.86310543958618	-0.24331191530686
24.640000000000	0.86157892921310	-0.25024431651906
24.664000000000	0.85999484704683	-0.25716902428493
24.688000000000	0.85835320801442	-0.26408557791132
24.712000000000	0.85665402994526	-0.27099351670246
24.736000000000	0.85489733355529	-0.27789237995989
24.760000000000	0.85308314243154	-0.28478170698157
24.784000000000	0.85121148301716	-0.29166103706015
24.808000000000	0.84928238459692	-0.29852990948039
24.832000000000	0.84729587928322	-0.30538786351578
24.856000000000	0.84525200200259	-0.31223443842436
24.880000000000	0.84315079048285	-0.31906917344368
24.904000000000	0.84099228524076	-0.32589160778507
24.928000000000	0.83877652957036	-0.33270128062705
24.952000000000	0.83650356953188	-0.33949773110799
24.976000000000	0.83417345394145	-0.34628049831803
25.000000000000	0.83178623436135	-0.35304912129026
