#Parameters = {d=5.317902894795; d_passa_faixa=9.8825261741929; e=6.5892246517659e-11; l=5; p=5.3716190856516; p_passa_faixa=10.084210381829; phi=0; r=100; theta=0; u=1.1425808117681e-06; w=0.98825261741929; w_passa_faixa=0.495; z_fss=0.3}
#"Frequency / GHz"	"SZmin(2),Zmax(2) (1) [Real/Imaginary Part] [Re]"	"SZmin(2),Zmax(2) (1) [Real/Imaginary Part] [Im]"
#---------------------------------------------------------------------------------------------------------------------
1.0000000000000	0.027799411277257	0.081604364120554
1.0240000000000	0.029151567628819	0.083402350505016
1.0480000000000	0.030537039914721	0.085189751880380
1.0720000000000	0.031955886407898	0.086966236379013
1.0960000000000	0.033408166069140	0.088731469407018
1.1200000000000	0.034893938547738	0.090485113537831
1.1440000000000	0.036413264180634	0.092226828403872
1.1680000000000	0.037966203990066	0.093956270586200
1.1920000000000	0.039552819679627	0.095673093502123
1.2160000000000	0.041173173628726	0.097376947290731
1.2400000000000	0.042827328885369	0.099067478696291
1.2640000000000	0.044515349157226	0.10074433094945
1.2880000000000	0.046237298800923	0.10240714364623
1.3120000000000	0.047993242809512	0.10405555262468
1.3360000000000	0.049783246798020	0.10568918983926
1.3600000000000	0.051607376987073	0.10730768323282
1.3840000000000	0.053465700184465	0.10891065660603
1.4080000000000	0.055358283764646	0.11049772948446
1.4320000000000	0.057285195646025	0.11206851698300
1.4560000000000	0.059246504266036	0.11362262966766
1.4800000000000	0.061242278553851	0.11515967341476
1.5040000000000	0.063272587900704	0.11667924926728
1.5280000000000	0.065337502127652	0.11818095328848
1.5520000000000	0.067437091450799	0.11966437641263
1.5760000000000	0.069571426443749	0.12112910429284
1.6000000000000	0.071740577997305	0.12257471714582
1.6240000000000	0.073944617276206	0.12400078959365
1.6480000000000	0.076183615672870	0.12540689050241
1.6720000000000	0.078457644757954	0.12679258281761
1.6960000000000	0.080766776227665	0.12815742339634
1.7200000000000	0.083111081847646	0.12950096283610
1.7440000000000	0.085490633393337	0.13082274530029
1.7680000000000	0.087905502586627	0.13212230834009
1.7920000000000	0.090355761028699	0.13339918271296
1.8160000000000	0.092841480128869	0.13465289219741
1.8400000000000	0.095362731029270	0.13588295340415
1.8640000000000	0.097919584525226	0.13708887558347
1.8880000000000	0.10051211098111	0.13827016042878
1.9120000000000	0.10314038024154	0.13942630187627
1.9360000000000	0.10580446153766	0.14055678590062
1.9600000000000	0.10850442338835	0.14166109030664
1.9840000000000	0.11124033349620	0.14273868451679
2.0080000000000	0.11401225863785	0.14378902935460
2.0320000000000	0.11682026454872	0.14481157682377
2.0560000000000	0.11966441580165	0.14580576988298
2.0800000000000	0.12254477567936	0.14677104221631
2.1040000000000	0.12546140604041	0.14770681799929
2.1280000000000	0.12841436717837	0.14861251166034
2.1520000000000	0.13140371767398	0.14948752763769
2.1760000000000	0.13442951423990	0.15033126013174
2.2000000000000	0.13749181155785	0.15114309285265
2.2240000000000	0.14059066210777	0.15192239876323
2.2480000000000	0.14372611598865	0.15266853981713
2.2720000000000	0.14689822073070	0.15338086669208
2.2960000000000	0.15010702109846	0.15405871851840
2.3200000000000	0.15335255888461	0.15470142260252
2.3440000000000	0.15663487269384	0.15530829414567
2.3680000000000	0.15995399771660	0.15587863595755
2.3920000000000	0.16330996549219	0.15641173816506
2.4160000000000	0.16670280366074	0.15690687791615
2.4400000000000	0.17013253570366	0.15736331907853
2.4640000000000	0.17359918067205	0.15778031193362
2.4880000000000	0.17710275290260	0.15815709286542
2.5120000000000	0.18064326172037	0.15849288404450
2.5360000000000	0.18422071112805	0.15878689310719
2.5600000000000	0.18783509948103	0.15903831282985
2.5840000000000	0.19148641914766	0.15924632079846
2.6080000000000	0.19517465615425	0.15941007907353
2.6320000000000	0.19889978981401	0.15952873385037
2.6560000000000	0.20266179233934	0.15960141511500
2.6800000000000	0.20646062843686	0.15962723629566
2.7040000000000	0.21029625488430	0.15960529391015
2.7280000000000	0.21416862008869	0.15953466720922
2.7520000000000	0.21807766362498	0.15941441781603
2.7760000000000	0.22202331575435	0.15924358936217
2.8000000000000	0.22600549692136	0.15902120712023
2.8240000000000	0.23002411722913	0.15874627763332
2.8480000000000	0.23407907589160	0.15841778834190
2.8720000000000	0.23817026066209	0.15803470720813
2.8960000000000	0.24229754723703	0.15759598233813
2.9200000000000	0.24646079863413	0.15710054160274
2.9440000000000	0.25065986454370	0.15654729225700
2.9680000000000	0.25489458065237	0.15593512055895
2.9920000000000	0.25916476793790	0.15526289138839
3.0160000000000	0.26347023193415	0.15452944786594
3.0400000000000	0.26781076196489	0.15373361097336
3.0640000000000	0.27218613034551	0.15287417917556
3.0880000000000	0.27659609155121	0.15194992804524
3.1120000000000	0.28104038135045	0.15095960989091
3.1360000000000	0.28551871590258	0.14990195338920
3.1600000000000	0.29003079081805	0.14877566322238
3.1840000000000	0.29457628018008	0.14757941972232
3.2080000000000	0.29915483552627	0.14631187852173
3.2320000000000	0.30376608478883	0.14497167021418
3.2560000000000	0.30840963119187	0.14355740002399
3.2800000000000	0.31308505210446	0.14206764748757
3.3040000000000	0.31779189784770	0.14050096614764
3.3280000000000	0.32252969045453	0.13885588326190
3.3520000000000	0.32729792238051	0.13713089952806
3.3760000000000	0.33209605516417	0.13532448882695
3.4000000000000	0.33692351803510	0.13343509798579
3.4240000000000	0.34177970646845	0.13146114656373
3.4480000000000	0.34666398068399	0.12940102666194
3.4720000000000	0.35157566408816	0.12725310276083
3.4960000000000	0.35651404165748	0.12501571158673
3.5200000000000	0.36147835826171	0.12268716201115
3.5440000000000	0.36646781692506	0.12026573498535
3.5680000000000	0.37148157702384	0.11774968351349
3.5920000000000	0.37651875241907	0.11513723266765
3.6160000000000	0.38157840952234	0.11242657964843
3.6400000000000	0.38665956529341	0.10961589389478
3.6640000000000	0.39176118516827	0.10670331724714
3.6880000000000	0.39688218091596	0.10368696416827
3.7120000000000	0.40202140842310	0.10056492202614
3.7360000000000	0.40717766540458	0.097335251443788
3.7600000000000	0.41234968903965	0.093995986721169
3.7840000000000	0.41753615353200	0.090545136334430
3.8080000000000	0.42273566759321	0.086980683518192
3.8320000000000	0.42794677184878	0.083300586936863
3.8560000000000	0.43316793616614	0.079502781451284
3.8800000000000	0.43839755690435	0.075585178987321
3.9040000000000	0.44363395408539	0.071545669513387
3.9280000000000	0.44887536848720	0.067382122134228
3.9520000000000	0.45411995865877	0.063092386308643
3.9760000000000	0.45936579785824	0.058674293199222
4.0000000000000	0.46461087091495	0.054125657162509
4.0240000000000	0.46985307101692	0.049444277388430
4.0480000000000	0.47509019642587	0.044627939698172
4.0720000000000	0.48031994712185	0.039674418510120
4.0960000000000	0.48553992138071	0.034581478983823
4.1200000000000	0.49074761228758	0.029346879352362
4.1440000000000	0.49594040419067	0.023968373453883
4.1680000000000	0.50111556909992	0.018443713473411
4.1920000000000	0.50627026303614	0.012770652906456
4.2160000000000	0.51140152233673	0.0069469497562534
4.2400000000000	0.51650625992522	0.00097036997681323
4.2640000000000	0.52158126155238	-0.0051613088257054
4.2880000000000	0.52662318201827	-0.011450293420555
4.3120000000000	0.53162854138477	-0.017898770695842
4.3360000000000	0.53659372119016	-0.024508903104650
4.3600000000000	0.54151496067790	-0.031282823800436
4.3840000000000	0.54638835305316	-0.038222631448228
4.4080000000000	0.55120984178237	-0.045330384698079
4.4320000000000	0.55597521695191	-0.052608096307285
4.4560000000000	0.56068011170410	-0.060057726897992
4.4800000000000	0.56531999876997	-0.067681178337002
4.5040000000000	0.56989018712009	-0.075480286724930
4.5280000000000	0.57438581875642	-0.083456814982266
4.5520000000000	0.57880186567014	-0.091612445020475
4.5760000000000	0.58313312699215	-0.099948769486955
4.6000000000000	0.58737422636511	-0.10846728307353
4.6240000000000	0.59151960956776	-0.11716937337920
4.6480000000000	0.59556354242454	-0.12605631131905
4.6720000000000	0.59950010903559	-0.13512924107275
4.6960000000000	0.60332321036443	-0.14438916956746
4.7200000000000	0.60702656322282	-0.15383695549223
4.7440000000000	0.61060369969459	-0.16347329784269
4.7680000000000	0.61404796704229	-0.17329872399761
4.7920000000000	0.61735252814290	-0.18331357733127
4.8160000000000	0.62051036250080	-0.19351800436877
4.8400000000000	0.62351426788819	-0.20391194149474
4.8640000000000	0.62635686266535	-0.21449510122938
4.8880000000000	0.62903058883457	-0.22526695808990
4.9120000000000	0.63152771588336	-0.23622673405971
4.9360000000000	0.63384034547393	-0.24737338369244
4.9600000000000	0.63596041703699	-0.25870557888288
4.9840000000000	0.63787971432858	-0.27022169334243
5.0080000000000	0.63958987300939	-0.28191978682237
5.0320000000000	0.64108238930570	-0.29379758913462
5.0560000000000	0.64234862981079	-0.30585248402579
5.0800000000000	0.64337984248463	-0.31808149296752
5.1040000000000	0.64416716890810	-0.33048125893302
5.1280000000000	0.64470165784562	-0.34304803023711
5.1520000000000	0.64497428016736	-0.35577764452471
5.1760000000000	0.64497594517814	-0.36866551300039
5.2000000000000	0.64469751839584	-0.38170660499972
5.2240000000000	0.64412984081642	-0.39489543301052
5.2480000000000	0.64326374969637	-0.40822603826064
5.2720000000000	0.64209010087602	-0.42169197699593
5.2960000000000	0.64059979265826	-0.43528630758006
5.3200000000000	0.63878379124826	-0.44900157855448
5.3440000000000	0.63663315774857	-0.46282981780364
5.3680000000000	0.63413907669234	-0.47676252297658
5.3920000000000	0.63129288608475	-0.49079065332093
5.4160000000000	0.62808610890822	-0.50490462308979
5.4400000000000	0.62451048603239	-0.51909429668507
5.4640000000000	0.62055801045345	-0.53334898570266
5.4880000000000	0.61622096277067	-0.54765744804533
5.5120000000000	0.61149194778989	-0.56200788926809
5.5360000000000	0.60636393212562	-0.57638796631776
5.5600000000000	0.60083028265406	-0.59078479382359
5.5840000000000	0.59488480565024	-0.60518495308908
5.6080000000000	0.58852178642294	-0.61957450392575
5.6320000000000	0.58173602924176	-0.63393899945814
5.6560000000000	0.57452289733161	-0.64826350401577
5.6800000000000	0.56687835269202	-0.66253261421091
5.7040000000000	0.55879899548077	-0.67673048328271
5.7280000000000	0.55028210268599	-0.69084084876635
5.7520000000000	0.54132566579615	-0.70484706352254
5.7760000000000	0.53192842716530	-0.71873213013636
5.8000000000000	0.52208991476079	-0.73247873866593
5.8240000000000	0.51181047497370	-0.74606930769159
5.8480000000000	0.50109130316774	-0.75948602858373
5.8720000000000	0.48993447164182	-0.77271091287419
5.8960000000000	0.47834295468407	-0.78572584258167
5.9200000000000	0.46632065040183	-0.79851262330627
5.9440000000000	0.45387239902283	-0.81105303987295
5.9680000000000	0.44100399737783	-0.82332891426869
5.9920000000000	0.42772220929401	-0.83532216558377
6.0160000000000	0.41403477165198	-0.84701487163490
6.0400000000000	0.39995039588722	-0.85838933191679
6.0640000000000	0.38547876474799	-0.86942813150061
6.0880000000000	0.37063052415802	-0.88011420547244
6.1120000000000	0.35541727007077	-0.89043090348303
6.1360000000000	0.33985153024457	-0.90036205396307
6.1600000000000	0.32394674091273	-0.90989202754482
6.1840000000000	0.30771721836939	-0.91900579922361
6.2080000000000	0.29117812554032	-0.92768900878977
6.2320000000000	0.27434543365684	-0.93592801906485
6.2560000000000	0.25723587920021	-0.94370997148491
6.2800000000000	0.23986691633211	-0.95102283858780
6.3040000000000	0.22225666507398	-0.95785547298227
6.3280000000000	0.20442385554244	-0.96419765240206
6.3520000000000	0.18638776859027	-0.97004012047976
6.3760000000000	0.16816817324015	-0.97537462291095
6.4000000000000	0.14978526133268	-0.98019393871981
6.4240000000000	0.13125957983926	-0.98449190638188
6.4480000000000	0.11261196131407	-0.98826344460711
6.4720000000000	0.093863452977847	-0.99150456763650
6.4960000000000	0.075035244938077	-0.99421239495780
6.5200000000000	0.056148598056347	-0.99638515539830
6.5440000000000	0.037224771973523	-0.99802218560611
6.5680000000000	0.018284953796955	-0.99912392298368
6.5920000000000	-0.00064981205828775	-0.99969189318841
6.6160000000000	-0.019558692400188	-0.99972869236400
6.6400000000000	-0.038421131711935	-0.99923796431258
6.6640000000000	-0.057216916103039	-0.99822437285985
6.6880000000000	-0.075926234369521	-0.99669356970447
6.7120000000000	-0.094529735809596	-0.99465215807687
6.7360000000000	-0.11300858448058	-0.99210765256202
6.7600000000000	-0.13134450962457	-0.98906843546503
6.7840000000000	-0.14951985203383	-0.98554371011721
6.8080000000000	-0.16751760617138	-0.98154345153428
6.8320000000000	-0.18532145790705	-0.97707835484635
6.8560000000000	-0.20291581777371	-0.97215978192290
6.8800000000000	-0.22028584969195	-0.96679970661406
6.9040000000000	-0.23741749515350	-0.96101065902322
6.9280000000000	-0.25429749289372	-0.95480566921520
6.9520000000000	-0.27091339412096	-0.94819821074961
6.9760000000000	-0.28725357340542	-0.94120214441096
7.0000000000000	-0.30330723536164	-0.93383166248581
7.0240000000000	-0.31906441728719	-0.92610123391358
7.0480000000000	-0.33451598794451	-0.91802555061201
7.0720000000000	-0.34965364269456	-0.90961947525085
7.0960000000000	-0.36446989520782	-0.90089799071877
7.1200000000000	-0.37895806599281	-0.89187615150007
7.1440000000000	-0.39311226799225	-0.88256903714759
7.1680000000000	-0.40692738950447	-0.87299170801018
7.1920000000000	-0.42039907469155	-0.86315916334376
7.2160000000000	-0.43352370193664	-0.85308630190780
7.2400000000000	-0.44629836031134	-0.84278788512241
7.2640000000000	-0.45872082440992	-0.83227850283606
7.2880000000000	-0.47078952780063	-0.82157254173033
7.3120000000000	-0.48250353533640	-0.81068415636621
7.3360000000000	-0.49386251455716	-0.79962724285634
7.3600000000000	-0.50486670640490	-0.78841541512935
7.3840000000000	-0.51551689546012	-0.77706198373614
7.4080000000000	-0.52581437989530	-0.76557993713357
7.4320000000000	-0.53576094132715	-0.75398192536828
7.4560000000000	-0.54535881473515	-0.74228024607312
7.4800000000000	-0.55461065859948	-0.73048683267929
7.5040000000000	-0.56351952539729	-0.71861324474041
7.5280000000000	-0.57208883258152	-0.70667066025899
7.5520000000000	-0.58032233415298	-0.69466986990169
7.5760000000000	-0.58822409292253	-0.68262127298698
7.6000000000000	-0.59579845354708	-0.67053487512738
7.6240000000000	-0.60305001641104	-0.65842028740808
7.6480000000000	-0.60998361241241	-0.64628672698436
7.6720000000000	-0.61660427870210	-0.63414301898186
7.6960000000000	-0.62291723541439	-0.62199759958607
7.7200000000000	-0.62892786341687	-0.60985852021043
7.7440000000000	-0.63464168309934	-0.59773345263588
7.7680000000000	-0.64006433421295	-0.58562969501905
7.7920000000000	-0.64520155676370	-0.57355417867026
7.8160000000000	-0.65005917295756	-0.56151347550764
7.8400000000000	-0.65464307018883	-0.54951380609828
7.8640000000000	-0.65895918505788	-0.53756104820245
7.8880000000000	-0.66301348840013	-0.52566074574219
7.9120000000000	-0.66681197130390	-0.51381811812059
7.9360000000000	-0.67036063209173	-0.50203806982313
7.9600000000000	-0.67366546423663	-0.49032520023781
7.9840000000000	-0.67673244518264	-0.47868381363540
8.0080000000000	-0.67956752603713	-0.46711792925619
8.0320000000000	-0.68217662210081	-0.45563129145421
8.0560000000000	-0.68456560420046	-0.44422737985431
8.0800000000000	-0.68674029078865	-0.43290941948196
8.1040000000000	-0.68870644077424	-0.42168039082945
8.1280000000000	-0.69046974704749	-0.41054303982624
8.1520000000000	-0.69203583066367	-0.39949988768485
8.1760000000000	-0.69341023564928	-0.38855324059691
8.2000000000000	-0.69459842439576	-0.37770519925746
8.2240000000000	-0.69560577360600	-0.36695766819838
8.2480000000000	-0.69643757075997	-0.35631236491474
8.2720000000000	-0.69709901106657	-0.34577082877031
8.2960000000000	-0.69759519486993	-0.33533442967087
8.3200000000000	-0.69793112547940	-0.32500437649623
8.3440000000000	-0.69811170739366	-0.31478172528371
8.3680000000000	-0.69814174489057	-0.30466738715758
8.3920000000000	-0.69802594095550	-0.29466213600099
8.4160000000000	-0.69776889652234	-0.28476661586773
8.4400000000000	-0.69737511000228	-0.27498134813325
8.4640000000000	-0.69684897707698	-0.26530673838477
8.4880000000000	-0.69619479073398	-0.25574308305216
8.5120000000000	-0.69541674152296	-0.24629057578145
8.5360000000000	-0.69451891801336	-0.23694931355424
8.5600000000000	-0.69350530743431	-0.22771930255658
8.5840000000000	-0.69237979647951	-0.21860046380180
8.6080000000000	-0.69114617226029	-0.20959263851210
8.6320000000000	-0.68980812339161	-0.20069559326421
8.6560000000000	-0.68836924119642	-0.19190902490489
8.6800000000000	-0.68683302101478	-0.18323256524213
8.7040000000000	-0.68520286360539	-0.17466578551845
8.7280000000000	-0.68348207662768	-0.16620820067260
8.7520000000000	-0.68167387619362	-0.15785927339627
8.7760000000000	-0.67978138847928	-0.14961841799247
8.8000000000000	-0.67780765138678	-0.14148500404222
8.8240000000000	-0.67575561624812	-0.13345835988637
8.8480000000000	-0.67362814956298	-0.12553777592920
8.8720000000000	-0.67142803476314	-0.11772250777036
8.8960000000000	-0.66915797399713	-0.11001177917205
8.9200000000000	-0.66682058992876	-0.10240478486755
8.9440000000000	-0.66441842754410	-0.094900693217815
8.9680000000000	-0.66195395596193	-0.087498648722341
8.9920000000000	-0.65942957024294	-0.080197774390339
9.0160000000000	-0.65684759319365	-0.072997173978389
9.0400000000000	-0.65421027716124	-0.065895934100323
9.0640000000000	-0.65151980581595	-0.058893126215095
9.0880000000000	-0.64877829591805	-0.051987808498127
9.1120000000000	-0.64598779906672	-0.045179027601535
9.1360000000000	-0.64315030342836	-0.038465820308394
9.1600000000000	-0.64026773544236	-0.031847215086094
9.1840000000000	-0.63734196150241	-0.025322233543601
9.2080000000000	-0.63437478961174	-0.018889891797326
9.2320000000000	-0.63136797101092	-0.012549201750087
9.2560000000000	-0.62832320177713	-0.0062991722874869
9.2800000000000	-0.62524212439372	-0.00013881039588918
9.3040000000000	-0.62212632928943	0.0059328777940320
9.3280000000000	-0.61897735634643	0.011916886034323
9.3520000000000	-0.61579669637682	0.017814207053702
9.3760000000000	-0.61258579256704	0.023625831714903
9.4000000000000	-0.60934604189006	0.029352748232047
9.4240000000000	-0.60607879648501	0.034995941444835
9.4480000000000	-0.60278536500439	0.040556392146467
9.4720000000000	-0.59946701392866	0.046035076462377
9.4960000000000	-0.59612496884843	0.051432965276958
9.5200000000000	-0.59276041571441	0.056751023705621
9.5440000000000	-0.58937450205532	0.061990210609639
9.5680000000000	-0.58596833816399	0.067151478151346
9.5920000000000	-0.58254299825214	0.072235771387387
9.6160000000000	-0.57909952157405	0.077244027897821
9.6400000000000	-0.57563891351963	0.082177177448993
9.6640000000000	-0.57216214667730	0.087036141688173
9.6880000000000	-0.56867016186724	0.091821833868101
9.7120000000000	-0.56516386914540	0.096535158599620
9.7360000000000	-0.56164414877885	0.10117701163072
9.7600000000000	-0.55811185219308	0.10574827965035
9.7840000000000	-0.55456780289167	0.11024984011553
9.8080000000000	-0.55101279734900	0.11468256110020
9.8320000000000	-0.54744760587663	0.11904730116458
9.8560000000000	-0.54387297346374	0.12334490924358
9.8800000000000	-0.54028962059239	0.12757622455320
9.9040000000000	-0.53669824402825	0.13174207651356
9.9280000000000	-0.53309951758709	0.13584328468763
9.9520000000000	-0.52949409287800	0.13988065873451
9.9760000000000	-0.52588260002364	0.14385499837634
10.000000000000	-0.52226564835831	0.14776709337783
10.024000000000	-0.51864382710423	0.15161772353762
10.048000000000	-0.51501770602679	0.15540765869053
10.072000000000	-0.51138783606921	0.15913765872004
10.096000000000	-0.50775474996724	0.16280847358021
10.120000000000	-0.50411896284444	0.16642084332620
10.144000000000	-0.50048097278853	0.16997549815304
10.168000000000	-0.49684126140948	0.17347315844173
10.192000000000	-0.49320029437967	0.17691453481218
10.216000000000	-0.48955852195686	0.18030032818263
10.240000000000	-0.48591637949029	0.18363122983463
10.264000000000	-0.48227428791047	0.18690792148355
10.288000000000	-0.47863265420325	0.19013107535379
10.312000000000	-0.47499187186844	0.19330135425845
10.336000000000	-0.47135232136362	0.19641941168306
10.360000000000	-0.46771437053347	0.19948589187288
10.384000000000	-0.46407837502521	0.20250142992352
10.408000000000	-0.46044467869039	0.20546665187445
10.432000000000	-0.45681361397359	0.20838217480521
10.456000000000	-0.45318550228842	0.21124860693390
10.480000000000	-0.44956065438115	0.21406654771772
10.504000000000	-0.44593937068243	0.21683658795537
10.528000000000	-0.44232194164744	0.21955930989093
10.552000000000	-0.43870864808489	0.22223528731915
10.576000000000	-0.43509976147507	0.22486508569181
10.600000000000	-0.43149554427755	0.22744926222499
10.624000000000	-0.42789625022863	0.22998836600717
10.648000000000	-0.42430212462901	0.23248293810780
10.672000000000	-0.42071340462190	0.23493351168635
10.696000000000	-0.41713031946197	0.23734061210156
10.720000000000	-0.41355309077541	0.23970475702094
10.744000000000	-0.40998193281131	0.24202645653008
10.768000000000	-0.40641705268477	0.24430621324202
10.792000000000	-0.40285865061190	0.24654452240631
10.816000000000	-0.39930692013707	0.24874187201770
10.840000000000	-0.39576204835258	0.25089874292451
10.864000000000	-0.39222421611102	0.25301560893638
10.888000000000	-0.38869359823067	0.25509293693153
10.912000000000	-0.38517036369393	0.25713118696328
10.936000000000	-0.38165467583928	0.25913081236585
10.960000000000	-0.37814669254683	0.26109225985944
10.984000000000	-0.37464656641762	0.26301596965438
11.008000000000	-0.37115444494707	0.26490237555439
11.032000000000	-0.36767047069264	0.26675190505896
11.056000000000	-0.36419478143581	0.26856497946470
11.080000000000	-0.36072751033881	0.27034201396563
11.104000000000	-0.35726878609608	0.27208341775250
11.128000000000	-0.35381873308064	0.27378959411094
11.152000000000	-0.35037747148571	0.27546094051856
11.176000000000	-0.34694511746150	0.27709784874086
11.200000000000	-0.34352178324752	0.27870070492603
11.224000000000	-0.34010757730047	0.28026988969855
11.248000000000	-0.33670260441788	0.28180577825157
11.272000000000	-0.33330696585764	0.28330874043816
11.296000000000	-0.32992075945356	0.28477914086130
11.320000000000	-0.32654407972704	0.28621733896262
11.344000000000	-0.32317701799515	0.28762368911000
11.368000000000	-0.31981966247493	0.28899854068382
11.392000000000	-0.31647209838441	0.29034223816211
11.416000000000	-0.31313440804019	0.29165512120433
11.440000000000	-0.30980667095172	0.29293752473401
11.464000000000	-0.30648896391258	0.29418977902013
11.488000000000	-0.30318136108858	0.29541220975723
11.512000000000	-0.29988393410308	0.29660513814433
11.536000000000	-0.29659675211939	0.29776888096265
11.560000000000	-0.29331988192039	0.29890375065204
11.584000000000	-0.29005338798565	0.30001005538629
11.608000000000	-0.28679733256583	0.30108809914714
11.632000000000	-0.28355177575477	0.30213818179720
11.656000000000	-0.28031677555900	0.30316059915159
11.680000000000	-0.27709238796513	0.30415564304850
11.704000000000	-0.27387866700487	0.30512360141849
11.728000000000	-0.27067566481796	0.30606475835271
11.752000000000	-0.26748343171298	0.30697939416994
11.776000000000	-0.26430201622619	0.30786778548255
11.800000000000	-0.26113146517831	0.30873020526125
11.824000000000	-0.25797182372957	0.30956692289884
11.848000000000	-0.25482313543278	0.31037820427280
11.872000000000	-0.25168544228476	0.31116431180683
11.896000000000	-0.24855878477598	0.31192550453130
11.920000000000	-0.24544320193861	0.31266203814270
11.944000000000	-0.24233873139294	0.31337416506199
11.968000000000	-0.23924540939224	0.31406213449196
11.992000000000	-0.23616327086622	0.31472619247356
12.016000000000	-0.23309234946295	0.31536658194131
12.040000000000	-0.23003267758942	0.31598354277756
12.064000000000	-0.22698428645077	0.31657731186599
12.088000000000	-0.22394720608821	0.31714812314401
12.112000000000	-0.22092146541567	0.31769620765425
12.136000000000	-0.21790709225522	0.31822179359518
12.160000000000	-0.21490411337137	0.31872510637074
12.184000000000	-0.21191255450413	0.31920636863913
12.208000000000	-0.20893244040107	0.31966580036073
12.232000000000	-0.20596379484828	0.32010361884506
12.256000000000	-0.20300664070026	0.32052003879699
12.280000000000	-0.20006099990884	0.32091527236206
12.304000000000	-0.19712689355117	0.32128952917095
12.328000000000	-0.19420434185672	0.32164301638322
12.352000000000	-0.19129336423345	0.32197593873012
12.376000000000	-0.18839397929300	0.32228849855675
12.400000000000	-0.18550620487515	0.32258089586335
12.424000000000	-0.18263005807137	0.32285332834588
12.448000000000	-0.17976555524770	0.32310599143583
12.472000000000	-0.17691271206670	0.32333907833930
12.496000000000	-0.17407154350880	0.32355278007535
12.520000000000	-0.17124206389292	0.32374728551369
12.544000000000	-0.16842428689628	0.32392278141158
12.568000000000	-0.16561822557372	0.32407945245015
12.592000000000	-0.16282389237622	0.32421748126997
12.616000000000	-0.16004129916890	0.32433704850599
12.640000000000	-0.15727045724834	0.32443833282184
12.664000000000	-0.15451137735936	0.32452151094347
12.688000000000	-0.15176406971121	0.32458675769219
12.712000000000	-0.14902854399326	0.32463424601707
12.736000000000	-0.14630480939005	0.32466414702677
12.760000000000	-0.14359287459599	0.32467663002073
12.784000000000	-0.14089274782940	0.32467186251982
12.808000000000	-0.13820443684617	0.32465001029644
12.832000000000	-0.13552794895294	0.32461123740396
12.856000000000	-0.13286329101981	0.32455570620573
12.880000000000	-0.13021046949262	0.32448357740349
12.904000000000	-0.12756949040482	0.32439501006523
12.928000000000	-0.12494035938894	0.32429016165260
12.952000000000	-0.12232308168762	0.32416918804772
12.976000000000	-0.11971766216435	0.32403224357959
13.000000000000	-0.11712410531373	0.32387948104992
13.024000000000	-0.11454241527145	0.32371105175853
13.048000000000	-0.11197259582392	0.32352710552824
13.072000000000	-0.10941465041751	0.32332779072938
13.096000000000	-0.10686858216757	0.32311325430368
13.120000000000	-0.10433439386701	0.32288364178793
13.144000000000	-0.10181208799466	0.32263909733700
13.168000000000	-0.099301666723350	0.32237976374655
13.192000000000	-0.096803131927651	0.32210578247530
13.216000000000	-0.094316485191366	0.32181729366684
13.240000000000	-0.091841727814769	0.32151443617110
13.264000000000	-0.089378860821572	0.32119734756535
13.288000000000	-0.086927884965647	0.32086616417488
13.312000000000	-0.084488800737514	0.32052102109322
13.336000000000	-0.082061608370589	0.32016205220208
13.360000000000	-0.079646307847213	0.31978939019083
13.384000000000	-0.077242898904459	0.31940316657565
13.408000000000	-0.074851381039735	0.31900351171837
13.432000000000	-0.072471753516176	0.31859055484488
13.456000000000	-0.070104015367845	0.31816442406324
13.480000000000	-0.067748165404741	0.31772524638150
13.504000000000	-0.065404202217625	0.31727314772508
13.528000000000	-0.063072124182661	0.31680825295396
13.552000000000	-0.060751929465897	0.31633068587942
13.576000000000	-0.058443616027566	0.31584056928059
13.600000000000	-0.056147181626232	0.31533802492061
13.624000000000	-0.053862623822781	0.31482317356253
13.648000000000	-0.051589939984260	0.31429613498489
13.672000000000	-0.049329127287567	0.31375702799709
13.696000000000	-0.047080182723001	0.31320597045434
13.720000000000	-0.044843103097681	0.31264307927247
13.744000000000	-0.042617885038822	0.31206847044239
13.768000000000	-0.040404524996893	0.31148225904429
13.792000000000	-0.038203019248645	0.31088455926164
13.816000000000	-0.036013363900024	0.31027548439481
13.840000000000	-0.033835554888964	0.30965514687461
13.864000000000	-0.031669587988071	0.30902365827540
13.888000000000	-0.029515458807199	0.30838112932812
13.912000000000	-0.027373162795917	0.30772766993293
13.936000000000	-0.025242695245883	0.30706338917177
13.960000000000	-0.023124051293110	0.30638839532060
13.984000000000	-0.021017225920147	0.30570279586139
14.008000000000	-0.018922213958164	0.30500669749398
14.032000000000	-0.016839010088943	0.30430020614766
14.056000000000	-0.014767608846798	0.30358342699255
14.080000000000	-0.012708004620397	0.30285646445080
14.104000000000	-0.010660191654515	0.30211942220753
14.128000000000	-0.0086241640517037	0.30137240322162
14.152000000000	-0.0065999157738878	0.30061550973631
14.176000000000	-0.0045874406438928	0.29984884328954
14.200000000000	-0.0025867323468971	0.29907250472419
14.224000000000	-0.00059778443182274	0.29828659419805
14.248000000000	0.0013794096873437	0.29749121119368
14.272000000000	0.0033448567302898	0.29668645452802
14.296000000000	0.0052985635491788	0.29587242236194
14.320000000000	0.0072405371275079	0.29504921220944
14.344000000000	0.0091707845790247	0.29421692094686
14.368000000000	0.011089313146698	0.29337564482182
14.392000000000	0.012996130201742	0.29252547946204
14.416000000000	0.014891243242687	0.29166651988395
14.440000000000	0.016774659894507	0.29079886050120
14.464000000000	0.018646387907790	0.28992259513302
14.488000000000	0.020506435157954	0.28903781701237
14.512000000000	0.022354809644508	0.28814461879398
14.536000000000	0.024191519490359	0.28724309256223
14.560000000000	0.026016572941151	0.28633332983896
14.584000000000	0.027829978364658	0.28541542159098
14.608000000000	0.029631744250199	0.28448945823763
14.632000000000	0.031421879208105	0.28355552965805
14.656000000000	0.033200391969210	0.28261372519841
14.680000000000	0.034967291384385	0.28166413367900
14.704000000000	0.036722586424098	0.28070684340114
14.728000000000	0.038466286178010	0.27974194215402
14.752000000000	0.040198399854603	0.27876951722137
14.776000000000	0.041918936780834	0.27778965538809
14.800000000000	0.043627906401816	0.27680244294664
14.824000000000	0.045325318280535	0.27580796570343
14.848000000000	0.047011182097585	0.27480630898500
14.872000000000	0.048685507650928	0.27379755764420
14.896000000000	0.050348304855689	0.27278179606611
14.920000000000	0.051999583743959	0.27175910817400
14.944000000000	0.053639354464635	0.27072957743509
14.968000000000	0.055267627283271	0.26969328686621
14.992000000000	0.056884412581957	0.26865031903944
15.016000000000	0.058489720859212	0.26760075608753
15.040000000000	0.060083562729905	0.26654467970933
15.064000000000	0.061665948925180	0.26548217117502
15.088000000000	0.063236890292417	0.26441331133135
15.112000000000	0.064796397795193	0.26333818060670
15.136000000000	0.066344482513271	0.26225685901609
15.160000000000	0.067881155642595	0.26116942616609
15.184000000000	0.069406428495311	0.26007596125965
15.208000000000	0.070920312499792	0.25897654310084
15.232000000000	0.072422819200683	0.25787125009947
15.256000000000	0.073913960258952	0.25676016027568
15.280000000000	0.075393747451964	0.25564335126440
15.304000000000	0.076862192673556	0.25452090031980
15.328000000000	0.078319307934131	0.25339288431954
15.352000000000	0.079765105360756	0.25225937976906
15.376000000000	0.081199597197278	0.25112046280573
15.400000000000	0.082622795804442	0.24997620920294
15.424000000000	0.084034713660021	0.24882669437410
15.448000000000	0.085435363358959	0.24767199337661
15.472000000000	0.086824757613513	0.24651218091570
15.496000000000	0.088202909253413	0.24534733134825
15.520000000000	0.089569831226020	0.24417751868651
15.544000000000	0.090925536596496	0.24300281660174
15.568000000000	0.092270038547983	0.24182329842784
15.592000000000	0.093603350381780	0.24063903716485
15.616000000000	0.094925485517530	0.23945010548242
15.640000000000	0.096236457493417	0.23825657572321
15.664000000000	0.097536279966357	0.23705851990623
15.688000000000	0.098824966712206	0.23585600973009
15.712000000000	0.10010253162596	0.23464911657624
15.736000000000	0.10136898872196	0.23343791151214
15.760000000000	0.10262435213413	0.23222246529429
15.784000000000	0.10386863611616	0.23100284837133
15.808000000000	0.10510185504175	0.22977913088700
15.832000000000	0.10632402340480	0.22855138268307
15.856000000000	0.10753515581968	0.22731967330220
15.880000000000	0.10873526702141	0.22608407199076
15.904000000000	0.10992437186593	0.22484464770162
15.928000000000	0.11110248533028	0.22360146909682
15.952000000000	0.11226962251287	0.22235460455026
15.976000000000	0.11342579863368	0.22110412215033
16.000000000000	0.11457102903454	0.21985008970243
16.024000000000	0.11570532917929	0.21859257473150
16.048000000000	0.11682871465405	0.21733164448449
16.072000000000	0.11794120116746	0.21606736593281
16.096000000000	0.11904280455091	0.21479980577463
16.120000000000	0.12013354075873	0.21352903043729
16.144000000000	0.12121342586845	0.21225510607953
16.168000000000	0.12228247608104	0.21097809859374
16.192000000000	0.12334070772111	0.20969807360817
16.216000000000	0.12438813723714	0.20841509648910
16.240000000000	0.12542478120170	0.20712923234290
16.264000000000	0.12645065631170	0.20584054601817
16.288000000000	0.12746577938855	0.20454910210770
16.312000000000	0.12847016737844	0.20325496495054
16.336000000000	0.12946383735250	0.20195819863390
16.360000000000	0.13044680650706	0.20065886699508
16.384000000000	0.13141909216379	0.19935703362335
16.408000000000	0.13238071177000	0.19805276186182
16.432000000000	0.13333168289873	0.19674611480918
16.456000000000	0.13427202324905	0.19543715532156
16.480000000000	0.13520175064617	0.19412594601418
16.504000000000	0.13612088304169	0.19281254926310
16.528000000000	0.13702943851374	0.19149702720689
16.552000000000	0.13792743526722	0.19017944174823
16.576000000000	0.13881489163389	0.18885985455555
16.600000000000	0.13969182607264	0.18753832706458
16.624000000000	0.14055825716958	0.18621492047989
16.648000000000	0.14141420363824	0.18488969577641
16.672000000000	0.14225968431971	0.18356271370091
16.696000000000	0.14309471818284	0.18223403477340
16.720000000000	0.14391932432430	0.18090371928863
16.744000000000	0.14473352196881	0.17957182731741
16.768000000000	0.14553733046921	0.17823841870802
16.792000000000	0.14633076930664	0.17690355308752
16.816000000000	0.14711385809063	0.17556728986307
16.840000000000	0.14788661655922	0.17422968822319
16.864000000000	0.14864906457911	0.17289080713905
16.888000000000	0.14940122214571	0.17155070536567
16.912000000000	0.15014310938327	0.17020944144314
16.936000000000	0.15087474654498	0.16886707369782
16.960000000000	0.15159615401302	0.16752366024344
16.984000000000	0.15230735229870	0.16617925898229
17.008000000000	0.15300836204245	0.16483392760631
17.032000000000	0.15369920401394	0.16348772359817
17.056000000000	0.15437989911215	0.16214070423235
17.080000000000	0.15505046836535	0.16079292657617
17.104000000000	0.15571093293120	0.15944444749081
17.128000000000	0.15636131409678	0.15809532363236
17.152000000000	0.15700163327858	0.15674561145273
17.176000000000	0.15763191202255	0.15539536720065
17.200000000000	0.15825217200410	0.15404464692264
17.224000000000	0.15886243502810	0.15269350646387
17.248000000000	0.15946272302886	0.15134200146912
17.272000000000	0.16005305807015	0.14999018738366
17.296000000000	0.16063346234511	0.14863811945409
17.320000000000	0.16120395817630	0.14728585272923
17.344000000000	0.16176456801558	0.14593344206094
17.368000000000	0.16231531444411	0.14458094210494
17.392000000000	0.16285622017225	0.14322840732163
17.416000000000	0.16338730803954	0.14187589197686
17.440000000000	0.16390860101455	0.14052345014273
17.464000000000	0.16442012219484	0.13917113569832
17.488000000000	0.16492189480687	0.13781900233047
17.512000000000	0.16541394220582	0.13646710353449
17.536000000000	0.16589628787556	0.13511549261491
17.560000000000	0.16636895542844	0.13376422268616
17.584000000000	0.16683196860520	0.13241334667327
17.608000000000	0.16728535127481	0.13106291731258
17.632000000000	0.16772912743426	0.12971298715238
17.656000000000	0.16816332120846	0.12836360855360
17.680000000000	0.16858795685002	0.12701483369046
17.704000000000	0.16900305873903	0.12566671455110
17.728000000000	0.16940865138288	0.12431930293821
17.752000000000	0.16980475941607	0.12297265046970
17.776000000000	0.17019140759991	0.12162680857924
17.800000000000	0.17056862082233	0.12028182851696
17.824000000000	0.17093642409761	0.11893776134997
17.848000000000	0.17129484256611	0.11759465796300
17.872000000000	0.17164390149402	0.11625256905898
17.896000000000	0.17198362627302	0.11491154515962
17.920000000000	0.17231404242001	0.11357163660597
17.944000000000	0.17263517557679	0.11223289355902
17.968000000000	0.17294705150973	0.11089536600025
17.992000000000	0.17324969610941	0.10955910373220
18.016000000000	0.17354313539032	0.10822415637903
18.040000000000	0.17382739549040	0.10689057338705
18.064000000000	0.17410250267075	0.10555840402531
18.088000000000	0.17436848331519	0.10422769738613
18.112000000000	0.17462536392983	0.10289850238567
18.136000000000	0.17487317114270	0.10157086776444
18.160000000000	0.17511193170328	0.10024484208789
18.184000000000	0.17534167248203	0.098920473746942
18.208000000000	0.17556242046997	0.097597810958526
18.232000000000	0.17577420277817	0.096276901766151
18.256000000000	0.17597704663724	0.094957794040448
18.280000000000	0.17617097939685	0.093640535479724
18.304000000000	0.17635602852519	0.092325173610518
18.328000000000	0.17653222160842	0.091011755788167
18.352000000000	0.17669958635013	0.089700329197363
18.376000000000	0.17685815057073	0.088390940852732
18.400000000000	0.17700794220691	0.087083637599400
18.424000000000	0.17714898931100	0.085778466113577
18.448000000000	0.17728132005034	0.084475472903146
18.472000000000	0.17740496270669	0.083174704308255
18.496000000000	0.17751994567550	0.081876206501922
18.520000000000	0.17762629746531	0.080580025490642
18.544000000000	0.17772404669701	0.079286207115010
18.568000000000	0.17781322210313	0.077994797050350
18.592000000000	0.17789385252716	0.076705840807359
18.616000000000	0.17796596692275	0.075419383732753
18.640000000000	0.17802959435299	0.074135471009936
18.664000000000	0.17808476398962	0.072854147659676
18.688000000000	0.17813150511218	0.071575458540796
18.712000000000	0.17816984710729	0.070299448350877
18.736000000000	0.17819981946770	0.069026161626982
18.760000000000	0.17822145179153	0.067755642746391
18.784000000000	0.17823477378132	0.066487935927351
18.808000000000	0.17823981524318	0.065223085229854
18.832000000000	0.17823660608585	0.063961134556422
18.856000000000	0.17822517631975	0.062702127652916
18.880000000000	0.17820555605605	0.061446108109368
18.904000000000	0.17817777550567	0.060193119360832
18.928000000000	0.17814186497830	0.058943204688254
18.952000000000	0.17809785488132	0.057696407219376
18.976000000000	0.17804577571882	0.056452769929647
19.000000000000	0.17798565809051	0.055212335643180
19.024000000000	0.17791753269059	0.053975147033715
19.048000000000	0.17784143030671	0.052741246625629
19.072000000000	0.17775738181875	0.051510676794956
19.096000000000	0.17766541819772	0.050283479770452
19.120000000000	0.17756557050454	0.049059697634683
19.144000000000	0.17745786988886	0.047839372325144
19.168000000000	0.17734234758778	0.046622545635418
19.192000000000	0.17721903492463	0.045409259216364
19.216000000000	0.17708796330766	0.044199554577340
19.240000000000	0.17694916422875	0.042993473087473
19.264000000000	0.17680266926203	0.041791055976951
19.288000000000	0.17664851006257	0.040592344338374
19.312000000000	0.17648671836494	0.039397379128127
19.336000000000	0.17631732598179	0.038206201167817
19.360000000000	0.17614036480243	0.037018851145733
19.384000000000	0.17595586679135	0.035835369618369
19.408000000000	0.17576386398666	0.034655797011985
19.432000000000	0.17556438849862	0.033480173624224
19.456000000000	0.17535747250802	0.032308539625771
19.480000000000	0.17514314826461	0.031140935062076
19.504000000000	0.17492144808546	0.029977399855123
19.528000000000	0.17469240435329	0.028817973805258
19.552000000000	0.17445604951478	0.027662696593080
19.576000000000	0.17421241607885	0.026511607781382
19.600000000000	0.17396153661489	0.025364746817169
19.624000000000	0.17370344375094	0.024222153033726
19.648000000000	0.17343817017190	0.023083865652764
19.672000000000	0.17316574861762	0.021949923786629
19.696000000000	0.17288621188104	0.020820366440583
19.720000000000	0.17259959280619	0.019695232515162
19.744000000000	0.17230592428626	0.018574560808608
19.768000000000	0.17200523926156	0.017458390019379
19.792000000000	0.17169757071745	0.016346758748744
19.816000000000	0.17138295168227	0.015239705503457
19.840000000000	0.17106141522514	0.014137268698524
19.864000000000	0.17073299445386	0.013039486660056
19.888000000000	0.17039772251260	0.011946397628218
19.912000000000	0.17005563257971	0.010858039760269
19.936000000000	0.16970675786531	0.0097744511337087
19.960000000000	0.16935113160902	0.0086956697495223
19.984000000000	0.16898878707748	0.0076217335355323
20.008000000000	0.16861975756192	0.0065526803498608
20.032000000000	0.16824407637568	0.0054885479845051
20.056000000000	0.16786177685157	0.0044293741690315
20.080000000000	0.16747289233937	0.0033751965743893
20.104000000000	0.16707745620306	0.0023260528168519
20.128000000000	0.16667550181819	0.0012819804620858
20.152000000000	0.16626706256903	0.00024301702935650
20.176000000000	0.16585217184579	-0.00079080000412885
20.200000000000	0.16543086304172	-0.0018194331987337
20.224000000000	0.16500316955016	-0.0028428451477565
20.248000000000	0.16456912476150	-0.0038609984726404
20.272000000000	0.16412876206016	-0.0048738558180243
20.296000000000	0.16368211482138	-0.0058813798466282
20.320000000000	0.16322921640809	-0.0068835332339711
20.344000000000	0.16277010016757	-0.0078802786629065
20.368000000000	0.16230479942815	-0.0088715788179812
20.392000000000	0.16183334749575	-0.0098573963796010
20.416000000000	0.16135577765043	-0.010837694018003
20.440000000000	0.16087212314278	-0.011812434387021
20.464000000000	0.16038241719031	-0.012781580117647
20.488000000000	0.15988669297370	-0.013745093811368
20.512000000000	0.15938498363298	-0.014702938033281
20.536000000000	0.15887732226365	-0.015655075304974
20.560000000000	0.15836374191268	-0.016601468097166
20.584000000000	0.15784427557445	-0.017542078822089
20.608000000000	0.15731895618655	-0.018476869825618
20.632000000000	0.15678781662555	-0.019405803379126
20.656000000000	0.15625088970259	-0.020328841671058
20.680000000000	0.15570820815893	-0.021245946798220
20.704000000000	0.15515980466140	-0.022157080756759
20.728000000000	0.15460571179766	-0.023062205432836
20.752000000000	0.15404596207143	-0.023961282592968
20.776000000000	0.15348058789758	-0.024854273874043
20.800000000000	0.15290962159710	-0.025741140772971
20.824000000000	0.15233309539189	-0.026621844635983
20.848000000000	0.15175104139956	-0.027496346647546
20.872000000000	0.15116349162790	-0.028364607818889
20.896000000000	0.15057047796941	-0.029226588976120
20.920000000000	0.14997203219556	-0.030082250747914
20.944000000000	0.14936818595094	-0.030931553552769
20.968000000000	0.14875897074728	-0.031774457585801
20.992000000000	0.14814441795727	-0.032610922805054
21.016000000000	0.14752455880826	-0.033440908917329
21.040000000000	0.14689942437573	-0.034264375363482
21.064000000000	0.14626904557669	-0.035081281303198
21.088000000000	0.14563345316279	-0.035891585599194
21.112000000000	0.14499267771330	-0.036695246800848
21.136000000000	0.14434674962786	-0.037492223127221
21.160000000000	0.14369569911909	-0.038282472449441
21.184000000000	0.14303955620494	-0.039065952272437
21.208000000000	0.14237835070078	-0.039842619715978
21.232000000000	0.14171211221141	-0.040612431495005
21.256000000000	0.14104087012268	-0.041375343899212
21.280000000000	0.14036465359291	-0.042131312771849
21.304000000000	0.13968349154416	-0.042880293487713
21.328000000000	0.13899741265308	-0.043622240930293
21.352000000000	0.13830644534159	-0.044357109468026
21.376000000000	0.13761061776724	-0.045084852929636
21.400000000000	0.13690995781329	-0.045805424578500
21.424000000000	0.13620449307846	-0.046518777086009
21.448000000000	0.13549425086641	-0.047224862503875
21.472000000000	0.13477925817479	-0.047923632235335
21.496000000000	0.13405954168407	-0.048615037005201
21.520000000000	0.13333512774590	-0.049299026828708
21.544000000000	0.13260604237117	-0.049975550979094
21.568000000000	0.13187231121760	-0.050644557953867
21.592000000000	0.13113395957702	-0.051305995439682
21.616000000000	0.13039101236216	-0.051959810275772
21.640000000000	0.12964349409297	-0.052605948415863
21.664000000000	0.12889142888256	-0.053244354888498
21.688000000000	0.12813484042259	-0.053874973755687
21.712000000000	0.12737375196816	-0.054497748069819
21.736000000000	0.12660818632222	-0.055112619828728
21.760000000000	0.12583816581939	-0.055719529928840
21.784000000000	0.12506371230918	-0.056318418116297
21.808000000000	0.12428484713868	-0.056909222935957
21.832000000000	0.12350159113456	-0.057491881678161
21.856000000000	0.12271396458443	-0.058066330323158
21.880000000000	0.12192198721755	-0.058632503483067
21.904000000000	0.12112567818473	-0.059190334341242
21.928000000000	0.12032505603760	-0.059739754588912
21.952000000000	0.11952013870695	-0.060280694358948
21.976000000000	0.11871094348040	-0.060813082156615
22.000000000000	0.11789748697905	-0.061336844787124
22.024000000000	0.11707978513334	-0.061851907279847
22.048000000000	0.11625785315790	-0.062358192808981
22.072000000000	0.11543170552545	-0.062855622610487
22.096000000000	0.11460135593956	-0.063344115895091
22.120000000000	0.11376681730645	-0.063823589757136
22.144000000000	0.11292810170550	-0.064293959079039
22.168000000000	0.11208522035869	-0.064755136431118
22.192000000000	0.11123818359862	-0.065207031966520
22.216000000000	0.11038700083534	-0.065649553310971
22.240000000000	0.10953168052168	-0.066082605447048
22.264000000000	0.10867223011714	-0.066506090592648
22.288000000000	0.10780865605025	-0.066919908073321
22.312000000000	0.10694096367928	-0.067323954188107
22.336000000000	0.10606915725121	-0.067718122068465
22.360000000000	0.10519323985896	-0.068102301529905
22.384000000000	0.10431321339666	-0.068476378915869
22.408000000000	0.10342907851297	-0.068840236933369
22.432000000000	0.10254083456222	-0.069193754479901
22.456000000000	0.10164847955342	-0.069536806461065
22.480000000000	0.10075201009683	-0.069869263598310
22.504000000000	0.099851421348167	-0.070190992226193
22.528000000000	0.098946706950086	-0.070501854078448
22.552000000000	0.098037858971016	-0.070801706062164
22.576000000000	0.097124867841020	-0.071090400019284
22.600000000000	0.096207722284632	-0.071367782474594
22.624000000000	0.095286409250425	-0.071633694369282
22.648000000000	0.094360913837168	-0.071887970779129
22.672000000000	0.093431219216365	-0.072130440616242
22.696000000000	0.092497306550966	-0.072360926313253
22.720000000000	0.091559154910026	-0.072579243488719
22.744000000000	0.090616741179081	-0.072785200592438
22.768000000000	0.089670039965993	-0.072978598529242
22.792000000000	0.088719023501999	-0.073159230259754
22.816000000000	0.087763661537659	-0.073326880376407
22.840000000000	0.086803921233439	-0.073481324652964
22.864000000000	0.085839767044570	-0.073622329565560
22.888000000000	0.084871160599862	-0.073749651783148
22.912000000000	0.083898060574113	-0.073863037625063
22.936000000000	0.082920422553678	-0.073962222483166
22.960000000000	0.081938198894864	-0.074046930205905
22.984000000000	0.080951338574634	-0.074116872441267
23.008000000000	0.079959787033175	-0.074171747935417
23.032000000000	0.078963486007865	-0.074211241783539
23.056000000000	0.077962373358037	-0.074235024628951
23.080000000000	0.076956382880030	-0.074242751806383
23.104000000000	0.075945444111884	-0.074234062424737
23.128000000000	0.074929482127067	-0.074208578384368
23.152000000000	0.073908417316513	-0.074165903323317
23.176000000000	0.072882165158293	-0.074105621486474
23.200000000000	0.071850635974055	-0.074027296510979
23.224000000000	0.070813734671545	-0.073930470120619
23.248000000000	0.069771360472208	-0.073814660721102
23.272000000000	0.068723406623015	-0.073679361887344
23.296000000000	0.067669760091555	-0.073524040733045
23.320000000000	0.066610301243295	-0.073348136151636
23.344000000000	0.065544903499998	-0.073151056916724
23.368000000000	0.064473432978108	-0.072932179628705
23.392000000000	0.063395748105949	-0.072690846492932
23.416000000000	0.062311699218439	-0.072426362913025
23.440000000000	0.061221128128112	-0.072137994881273
23.464000000000	0.060123867671013	-0.071824966145844
23.488000000000	0.059019741226177	-0.071486455132303
23.512000000000	0.057908562207271	-0.071121591594295
23.536000000000	0.056790133524975	-0.070729452965192
23.560000000000	0.055664247018778	-0.070309060379238
23.584000000000	0.054530682856775	-0.069859374326763
23.608000000000	0.053389208902239	-0.069379289903757
23.632000000000	0.052239580045823	-0.068867631611018
23.656000000000	0.051081537502372	-0.068323147652411
23.680000000000	0.049914808071691	-0.067744503675242
23.704000000000	0.048739103362865	-0.067130275888202
23.728000000000	0.047554118982233	-0.066478943483706
23.752000000000	0.046359533685741	-0.065788880281511
23.776000000000	0.045155008497217	-0.065058345498962
23.800000000000	0.043940185795154	-0.064285473539914
23.824000000000	0.042714688371961	-0.063468262678882
23.848000000000	0.041478118471372	-0.062604562499009
23.872000000000	0.040230056812076	-0.061692059921500
23.896000000000	0.038970061608286	-0.060728263639493
23.920000000000	0.037697667601878	-0.059710486740785
23.944000000000	0.036412385125269	-0.058635827269823
23.968000000000	0.035113699220224	-0.057501146439695
23.992000000000	0.033801068845399	-0.056303044157486
24.016000000000	0.032473926215141	-0.055037831470787
24.040000000000	0.031131676324456	-0.053701499476290
24.064000000000	0.029773696730965	-0.052289684152371
24.088000000000	0.028399337684939	-0.050797626482225
24.112000000000	0.027007922724686	-0.049220127120110
24.136000000000	0.025598749888076	-0.047551494715359
24.160000000000	0.024171093734443	-0.045785486842091
24.184000000000	0.022724208427229	-0.043915242279929
24.208000000000	0.021257332200717	-0.041933203143671
24.232000000000	0.019769693629355	-0.039831025056942
24.256000000000	0.018260520242850	-0.037599473192033
24.280000000000	0.016729050194067	-0.035228301537326
24.304000000000	0.015174547903437	-0.032706112181501
24.328000000000	0.013596324891231	-0.030020190689792
24.352000000000	0.011993767393323	-0.027156312752294
24.376000000000	0.010366372871986	-0.024098516155814
24.400000000000	0.0087137982307836	-0.020828830701009
24.424000000000	0.0070359234912234	-0.017326956864450
24.448000000000	0.0053329359886138	-0.013569881670736
24.472000000000	0.0036054419384172	-0.0095314172306749
24.496000000000	0.0018546147201969	-0.0051816435000556
24.520000000000	8.2392728055820e-05	-0.00048623172429379
24.544000000000	-0.0017082554055038	0.0045943816449969
24.568000000000	-0.0035129733178191	0.010106009594602
24.592000000000	-0.0053255320257849	0.016101968502316
24.616000000000	-0.0071371675605604	0.022644637789663
24.640000000000	-0.0089356689727947	0.029807412667721
24.664000000000	-0.010704111533459	0.037677165670812
24.688000000000	-0.012419079912684	0.046357370901782
24.712000000000	-0.014048149206832	0.055972096527664
24.736000000000	-0.015546271701024	0.066671140401800
24.760000000000	-0.016850527108793	0.078636675617202
24.784000000000	-0.017872387662671	0.092091891277701
24.808000000000	-0.018486147218433	0.10731225752860
24.832000000000	-0.018511325632641	0.12464019472550
24.856000000000	-0.017685436943207	0.14450401928857
24.880000000000	-0.015621053990777	0.16744188424130
24.904000000000	-0.011736804869665	0.19413052247476
24.928000000000	-0.0051443645677410	0.22541560735563
24.952000000000	0.0055397384188830	0.26233202713290
24.976000000000	0.022510908043410	0.30607943151360
25.000000000000	0.049307792032990	0.35785828387038
