#Parameters = {d=9.5051559838931; d_passa_faixa=11.118252561128; e=3.984381e-11; l=5; p=10.89725559975; p_passa_faixa=11.773094507628; phi=0; r=281.16907657059; theta=0; u=1.2566e-06; w=1.9837076625897; w_passa_faixa=0.13385049465315; z_fss=0.2}
#"Frequency / GHz"	"SZmin(2),Zmax(2) (2) [Real/Imaginary Part] [Re]"	"SZmin(2),Zmax(2) (2) [Real/Imaginary Part] [Im]"
#---------------------------------------------------------------------------------------------------------------------
1.0000000000000	0.90018464453598	-0.38856613459539
1.0240000000000	0.89578676129200	-0.39706908772688
1.0480000000000	0.89129589089963	-0.40551603417040
1.0720000000000	0.88671280377774	-0.41390584602647
1.0960000000000	0.88203828436663	-0.42223740613805
1.1200000000000	0.87727313099541	-0.43050960824674
1.1440000000000	0.87241815574838	-0.43872135714837
1.1680000000000	0.86747418433044	-0.44687156884804
1.1920000000000	0.86244205593140	-0.45495917071440
1.2160000000000	0.85732262308923	-0.46298310163347
1.2400000000000	0.85211675155219	-0.47094231216176
1.2640000000000	0.84682532013964	-0.47883576467896
1.2880000000000	0.84144922060170	-0.48666243353988
1.3120000000000	0.83598935747758	-0.49442130522599
1.3360000000000	0.83044664795251	-0.50211137849631
1.3600000000000	0.82482202171329	-0.50973166453773
1.3840000000000	0.81911642080234	-0.51728118711483
1.4080000000000	0.81333079947027	-0.52475898271902
1.4320000000000	0.80746612402683	-0.53216410071717
1.4560000000000	0.80152337269025	-0.53949560349958
1.4800000000000	0.79550353543491	-0.54675256662736
1.5040000000000	0.78940761383727	-0.55393407897915
1.5280000000000	0.78323662091997	-0.56103924289715
1.5520000000000	0.77699158099420	-0.56806717433253
1.5760000000000	0.77067352950004	-0.57501700298996
1.6000000000000	0.76428351284502	-0.58188787247161
1.6240000000000	0.75782258824057	-0.58867894042012
1.6480000000000	0.75129182353651	-0.59538937866093
1.6720000000000	0.74469229705344	-0.60201837334360
1.6960000000000	0.73802509741302	-0.60856512508232
1.7200000000000	0.73129132336611	-0.61502884909543
1.7440000000000	0.72449208361864	-0.62140877534387
1.7680000000000	0.71762849665531	-0.62770414866868
1.7920000000000	0.71070169056097	-0.63391422892733
1.8160000000000	0.70371280283971	-0.64003829112887
1.8400000000000	0.69666298023156	-0.64607562556789
1.8640000000000	0.68955337852684	-0.65202553795723
1.8880000000000	0.68238516237812	-0.65788734955925
1.9120000000000	0.67515950510965	-0.66366039731582
1.9360000000000	0.66787758852445	-0.66934403397670
1.9600000000000	0.66054060270878	-0.67493762822653
1.9840000000000	0.65314974583420	-0.68044056481008
2.0080000000000	0.64570622395707	-0.68585224465592
2.0320000000000	0.63821125081548	-0.69117208499827
2.0560000000000	0.63066604762364	-0.69639951949707
2.0800000000000	0.62307184286371	-0.70153399835617
2.1040000000000	0.61542987207502	-0.70657498843945
2.1280000000000	0.60774137764077	-0.71152197338501
2.1520000000000	0.60000760857206	-0.71637445371715
2.1760000000000	0.59222982028936	-0.72113194695615
2.2000000000000	0.58440927440146	-0.72579398772580
2.2240000000000	0.57654723848176	-0.73036012785850
2.2480000000000	0.56864498584199	-0.73482993649796
2.2720000000000	0.56070379530344	-0.73920300019933
2.2960000000000	0.55272495096558	-0.74347892302672
2.3200000000000	0.54470974197217	-0.74765732664802
2.3440000000000	0.53665946227487	-0.75173785042692
2.3680000000000	0.52857541039435	-0.75572015151211
2.3920000000000	0.52045888917896	-0.75960390492346
2.4160000000000	0.51231120556095	-0.76338880363518
2.4400000000000	0.50413367031030	-0.76707455865589
2.4640000000000	0.49592759778618	-0.77066089910549
2.4880000000000	0.48769430568612	-0.77414757228866
2.5120000000000	0.47943511479281	-0.77753434376509
2.5360000000000	0.47115134871878	-0.78082099741623
2.5600000000000	0.46284433364878	-0.78400733550843
2.5840000000000	0.45451539808006	-0.78709317875260
2.6080000000000	0.44616587256059	-0.79007836636007
2.6320000000000	0.43779708942519	-0.79296275609470
2.6560000000000	0.42941038252969	-0.79574622432118
2.6800000000000	0.42100708698325	-0.79842866604937
2.7040000000000	0.41258853887871	-0.80100999497465
2.7280000000000	0.40415607502125	-0.80349014351416
2.7520000000000	0.39571103265531	-0.80586906283895
2.7760000000000	0.38725474918985	-0.80814672290189
2.8000000000000	0.37878856192204	-0.81032311246126
2.8240000000000	0.37031380775955	-0.81239823910004
2.8480000000000	0.36183182294125	-0.81437212924072
2.8720000000000	0.35334394275678	-0.81624482815571
2.8960000000000	0.34485150126478	-0.81801639997309
2.9200000000000	0.33635583100995	-0.81968692767786
2.9440000000000	0.32785826273907	-0.82125651310848
2.9680000000000	0.31936012511609	-0.82272527694871
2.9920000000000	0.31086274443629	-0.82409335871464
3.0160000000000	0.30236744433966	-0.82536091673698
3.0400000000000	0.29387554552359	-0.82652812813839
3.0640000000000	0.28538836545504	-0.82759518880598
3.0880000000000	0.27690721808213	-0.82856231335880
3.1120000000000	0.26843341354546	-0.82942973511033
3.1360000000000	0.25996825788900	-0.83019770602603
3.1600000000000	0.25151305277100	-0.83086649667569
3.1840000000000	0.24306909517469	-0.83143639618078
3.2080000000000	0.23463767711912	-0.83190771215664
3.2320000000000	0.22622008537011	-0.83228077064950
3.2560000000000	0.21781760115147	-0.83255591606837
3.2800000000000	0.20943149985667	-0.83273351111170
3.3040000000000	0.20106305076093	-0.83281393668886
3.3280000000000	0.19271351673396	-0.83279759183632
3.3520000000000	0.18438415395346	-0.83268489362873
3.3760000000000	0.17607621161939	-0.83247627708461
3.4000000000000	0.16779093166928	-0.83217219506690
3.4240000000000	0.15952954849461	-0.83177311817823
3.4480000000000	0.15129328865832	-0.83127953465092
3.4720000000000	0.14308337061373	-0.83069195023177
3.4960000000000	0.13490100442484	-0.83001088806164
3.5200000000000	0.12674739148821	-0.82923688854976
3.5440000000000	0.11862372425650	-0.82837050924286
3.5680000000000	0.11053118596383	-0.82741232468916
3.5920000000000	0.10247095035299	-0.82636292629712
3.6160000000000	0.094444181404745	-0.82522292218910
3.6400000000000	0.086452033069268	-0.82399293704995
3.6640000000000	0.078495648999815	-0.82267361197041
3.6880000000000	0.070576162288797	-0.82126560428561
3.7120000000000	0.062694695206352	-0.81976958740844
3.7360000000000	0.054852358941525	-0.81818625065806
3.7600000000000	0.047050253346166	-0.81651629908340
3.7840000000000	0.039289466681676	-0.81476045328189
3.8080000000000	0.031571075368706	-0.81291944921326
3.8320000000000	0.023896143739901	-0.81099403800869
3.8560000000000	0.016265723795850	-0.80898498577516
3.8800000000000	0.0086808549642632	-0.80689307339516
3.9040000000000	0.0011425638625880	-0.80471909632188
3.9280000000000	-0.0063481359359081	-0.80246386436983
3.9520000000000	-0.013790244132458	-0.80012820150095
3.9760000000000	-0.021182773929421	-0.79771294560648
4.0000000000000	-0.028524752253102	-0.79521894828437
4.0240000000000	-0.035815219972672	-0.79264707461255
4.0480000000000	-0.043053232115108	-0.78999820291804
4.0720000000000	-0.050237858076042	-0.78727322454190
4.0960000000000	-0.057368181826432	-0.78447304360033
4.1200000000000	-0.064443302114949	-0.78159857674176
4.1440000000000	-0.071462332666028	-0.77865075290016
4.1680000000000	-0.078424402373467	-0.77563051304461
4.1920000000000	-0.085328655489499	-0.77253880992528
4.2160000000000	-0.092174251809255	-0.76937660781585
4.2400000000000	-0.098960366850543	-0.76614488225247
4.2640000000000	-0.10568619202887	-0.76284461976942
4.2880000000000	-0.11235093482765	-0.75947681763149
4.3120000000000	-0.11895381896341	-0.75604248356328
4.3360000000000	-0.12549408454619	-0.75254263547538
4.3600000000000	-0.13197098823475	-0.74897830118777
4.3840000000000	-0.13838380338675	-0.74535051815019
4.4080000000000	-0.14473182020374	-0.74166033316005
4.4320000000000	-0.15101434587098	-0.73790880207753
4.4560000000000	-0.15723070469191	-0.73409698953830
4.4800000000000	-0.16338023821739	-0.73022596866385
4.5040000000000	-0.16946230536946	-0.72629682076956
4.5280000000000	-0.17547628255977	-0.72231063507063
4.5520000000000	-0.18142156380252	-0.71826850838594
4.5760000000000	-0.18729756082188	-0.71417154484006
4.6000000000000	-0.19310370315393	-0.71002085556343
4.6240000000000	-0.19883943824292	-0.70581755839086
4.6480000000000	-0.20450423153208	-0.70156277755852
4.6720000000000	-0.21009756654864	-0.69725764339943
4.6960000000000	-0.21561894498336	-0.69290329203767
4.7200000000000	-0.22106788676421	-0.68850086508136
4.7440000000000	-0.22644393012453	-0.68405150931467
4.7680000000000	-0.23174663166534	-0.67955637638869
4.7920000000000	-0.23697556641199	-0.67501662251163
4.8160000000000	-0.24213032786509	-0.67043340813824
4.8400000000000	-0.24721052804566	-0.66580789765864
4.8640000000000	-0.25221579753456	-0.66114125908664
4.8880000000000	-0.25714578550617	-0.65643466374781
4.9120000000000	-0.26200015975632	-0.65168928596719
4.9360000000000	-0.26677860672449	-0.64690630275699
4.9600000000000	-0.27148083151027	-0.64208689350425
4.9840000000000	-0.27610655788412	-0.63723223965862
5.0080000000000	-0.28065552829238	-0.63234352442038
5.0320000000000	-0.28512750385664	-0.62742193242887
5.0560000000000	-0.28952226436738	-0.62246864945131
5.0800000000000	-0.29383960827199	-0.61748486207230
5.1040000000000	-0.29807935265718	-0.61247175738398
5.1280000000000	-0.30224133322575	-0.60743052267700
5.1520000000000	-0.30632540426778	-0.60236234513242
5.1760000000000	-0.31033143862632	-0.59726841151476
5.2000000000000	-0.31425932765754	-0.59214990786602
5.2240000000000	-0.31810898118543	-0.58700801920112
5.2480000000000	-0.32188032745102	-0.58184392920465
5.2720000000000	-0.32557331305629	-0.57665881992911
5.2960000000000	-0.32918790290262	-0.57145387149471
5.3200000000000	-0.33272408012405	-0.56623026179093
5.3440000000000	-0.33618184601521	-0.56098916617977
5.3680000000000	-0.33956121995409	-0.55573175720096
5.3920000000000	-0.34286223931959	-0.55045920427920
5.4160000000000	-0.34608495940405	-0.54517267343335
5.4400000000000	-0.34922945332070	-0.53987332698797
5.4640000000000	-0.35229581190610	-0.53456232328704
5.4880000000000	-0.35528414361772	-0.52924081641007
5.5120000000000	-0.35819457442655	-0.52390995589067
5.5360000000000	-0.36102724770506	-0.51857088643775
5.5600000000000	-0.36378232411026	-0.51322474765922
5.5840000000000	-0.36645998146222	-0.50787267378856
5.6080000000000	-0.36906041461789	-0.50251579341412
5.6320000000000	-0.37158383534050	-0.49715522921130
5.6560000000000	-0.37403047216437	-0.49179209767776
5.6800000000000	-0.37640057025545	-0.48642750887169
5.7040000000000	-0.37869439126745	-0.48106256615309
5.7280000000000	-0.38091221319382	-0.47569836592839
5.7520000000000	-0.38305433021549	-0.47033599739830
5.7760000000000	-0.38512105254457	-0.46497654230893
5.8000000000000	-0.38711270626406	-0.45962107470642
5.8240000000000	-0.38902963316357	-0.45427066069501
5.8480000000000	-0.39087219057125	-0.44892635819864
5.8720000000000	-0.39264075118195	-0.44358921672616
5.8960000000000	-0.39433570288168	-0.43826027714020
5.9200000000000	-0.39595744856848	-0.43294057142980
5.9440000000000	-0.39750640596980	-0.42763112248674
5.9680000000000	-0.39898300745642	-0.42233294388578
5.9920000000000	-0.40038769985302	-0.41704703966873
6.0160000000000	-0.40172094424557	-0.41177440413246
6.0400000000000	-0.40298321578545	-0.40651602162093
6.0640000000000	-0.40417500349054	-0.40127286632119
6.0880000000000	-0.40529681004335	-0.39604590206348
6.1120000000000	-0.40634915158616	-0.39083608212542
6.1360000000000	-0.40733255751341	-0.38564434904038
6.1600000000000	-0.40824757026136	-0.38047163441001
6.1840000000000	-0.40909474509504	-0.37531885872100
6.2080000000000	-0.40987464989279	-0.37018693116607
6.2320000000000	-0.41058786492817	-0.36507674946934
6.2560000000000	-0.41123498264965	-0.35998919971585
6.2800000000000	-0.41181660745792	-0.35492515618563
6.3040000000000	-0.41233335548106	-0.34988548119191
6.3280000000000	-0.41278585434760	-0.34487102492396
6.3520000000000	-0.41317474295757	-0.33988262529413
6.3760000000000	-0.41350067125160	-0.33492110778946
6.4000000000000	-0.41376429997828	-0.32998728532772
6.4240000000000	-0.41396630045965	-0.32508195811783
6.4480000000000	-0.41410735435513	-0.32020591352491
6.4720000000000	-0.41418815342389	-0.31535992593966
6.4960000000000	-0.41420939928568	-0.31054475665239
6.5200000000000	-0.41417180318034	-0.30576115373146
6.5440000000000	-0.41407608572597	-0.30100985190628
6.5680000000000	-0.41392297667593	-0.29629157245482
6.5920000000000	-0.41371321467471	-0.29160702309570
6.6160000000000	-0.41344754701270	-0.28695689788470
6.6400000000000	-0.41312672938013	-0.28234187711594
6.6640000000000	-0.41275152562007	-0.27776262722744
6.6880000000000	-0.41232270748063	-0.27321980071131
6.7120000000000	-0.41184105436658	-0.26871403602846
6.7360000000000	-0.41130735309022	-0.26424595752772
6.7600000000000	-0.41072239762187	-0.25981617536959
6.7840000000000	-0.41008698883981	-0.25542528545440
6.8080000000000	-0.40940193427993	-0.25107386935500
6.8320000000000	-0.40866804788505	-0.24676249425388
6.8560000000000	-0.40788614975411	-0.24249171288480
6.8800000000000	-0.40705706589122	-0.23826206347882
6.9040000000000	-0.40618162795466	-0.23407406971477
6.9280000000000	-0.40526067300592	-0.22992824067412
6.9520000000000	-0.40429504325892	-0.22582507080026
6.9760000000000	-0.40328558582939	-0.22176503986210
7.0000000000000	-0.40223315248451	-0.21774861292207
7.0240000000000	-0.40113859939297	-0.21377624030838
7.0480000000000	-0.40000278687538	-0.20984835759165
7.0720000000000	-0.39882657915526	-0.20596538556573
7.0960000000000	-0.39761084411052	-0.20212773023281
7.1200000000000	-0.39635645302569	-0.19833578279273
7.1440000000000	-0.39506428034480	-0.19458991963647
7.1680000000000	-0.39373520342507	-0.19089050234380
7.1920000000000	-0.39237010229145	-0.18723787768505
7.2160000000000	-0.39096985939212	-0.18363237762698
7.2400000000000	-0.38953535935497	-0.18007431934265
7.2640000000000	-0.38806748874510	-0.17656400522537
7.2880000000000	-0.38656713582356	-0.17310172290661
7.3120000000000	-0.38503519030715	-0.16968774527786
7.3360000000000	-0.38347254312958	-0.16632233051638
7.3600000000000	-0.38188008620389	-0.16300572211484
7.3840000000000	-0.38025871218629	-0.15973814891474
7.4080000000000	-0.37860931424143	-0.15651982514372
7.4320000000000	-0.37693278580914	-0.15335095045651
7.4560000000000	-0.37523002037280	-0.15023170997960
7.4800000000000	-0.37350191122924	-0.14716227435964
7.5040000000000	-0.37174935126041	-0.14414279981538
7.5280000000000	-0.36997323270670	-0.14117342819322
7.5520000000000	-0.36817444694207	-0.13825428702626
7.5760000000000	-0.36635388425104	-0.13538548959684
7.6000000000000	-0.36451243360753	-0.13256713500250
7.6240000000000	-0.36265098245570	-0.12979930822538
7.6480000000000	-0.36077041649267	-0.12708208020484
7.6720000000000	-0.35887161945340	-0.12441550791348
7.6960000000000	-0.35695547289760	-0.12179963443634
7.7200000000000	-0.35502285599873	-0.11923448905327
7.7440000000000	-0.35307464533528	-0.11672008732448
7.7680000000000	-0.35111171468417	-0.11425643117913
7.7920000000000	-0.34913493481647	-0.11184350900700
7.8160000000000	-0.34714517329541	-0.10948129575307
7.8400000000000	-0.34514329427675	-0.10716975301509
7.8640000000000	-0.34313015831152	-0.10490882914397
7.8880000000000	-0.34110662215121	-0.10269845934703
7.9120000000000	-0.33907353855535	-0.10053856579400
7.9360000000000	-0.33703175610171	-0.098429057725676
7.9600000000000	-0.33498211899895	-0.096369831565340
7.9840000000000	-0.33292546690180	-0.094360771032669
8.0080000000000	-0.33086263472898	-0.092401747260247
8.0320000000000	-0.32879445248362	-0.090492618912538
8.0560000000000	-0.32672174507638	-0.088633232307309
8.0800000000000	-0.32464533215129	-0.086823421539400
8.1040000000000	-0.32256602791430	-0.085063008606831
8.1280000000000	-0.32048464096455	-0.083351803539160
8.1520000000000	-0.31840197412845	-0.081689604528039
8.1760000000000	-0.31631882429648	-0.080076198059928
8.2000000000000	-0.31423598226297	-0.078511359050867
8.2240000000000	-0.31215423256853	-0.076994850983316
8.2480000000000	-0.31007435334549	-0.075526426044926
8.2720000000000	-0.30799711616613	-0.074105825269253
8.2960000000000	-0.30592328589389	-0.072732778678312
8.3200000000000	-0.30385362053748	-0.071407005426920
8.3440000000000	-0.30178887110785	-0.070128213948804
8.3680000000000	-0.29972978147825	-0.068896102104354
8.3920000000000	-0.29767708824714	-0.067710357330029
8.4160000000000	-0.29563152060415	-0.066570656789304
8.4400000000000	-0.29359380019903	-0.065476667525134
8.4640000000000	-0.29156464101356	-0.064428046613864
8.4880000000000	-0.28954474923651	-0.063424441320526
8.5120000000000	-0.28753482314163	-0.062465489255463
8.5360000000000	-0.28553555296868	-0.061550818532242
8.5600000000000	-0.28354762080743	-0.060680047926757
8.5840000000000	-0.28157170048481	-0.059852787037526
8.6080000000000	-0.27960845745504	-0.059068636447051
8.6320000000000	-0.27765854869281	-0.058327187884248
8.6560000000000	-0.27572262258958	-0.057628024387862
8.6800000000000	-0.27380131885284	-0.056970720470796
8.7040000000000	-0.27189526840853	-0.056354842285336
8.7280000000000	-0.27000509330646	-0.055779947789175
8.7520000000000	-0.26813140662879	-0.055245586912210
8.7760000000000	-0.26627481240155	-0.054751301724053
8.8000000000000	-0.26443590550928	-0.054296626602172
8.8240000000000	-0.26261527161265	-0.053881088400643
8.8480000000000	-0.26081348706912	-0.053504206619455
8.8720000000000	-0.25903111885667	-0.053165493574271
8.8960000000000	-0.25726872450054	-0.052864454566663
8.9200000000000	-0.25552685200299	-0.052600588054694
8.9440000000000	-0.25380603977606	-0.052373385823848
8.9680000000000	-0.25210681657734	-0.052182333158238
8.9920000000000	-0.25042970144875	-0.052026909012017
9.0160000000000	-0.24877520365823	-0.051906586180989
9.0400000000000	-0.24714382264447	-0.051820831474319
9.0640000000000	-0.24553604796455	-0.051769105886330
9.0880000000000	-0.24395235924452	-0.051750864768310
9.1120000000000	-0.24239322613290	-0.051765558000297
9.1360000000000	-0.24085910825708	-0.051812630162787
9.1600000000000	-0.23935045518265	-0.051891520708310
9.1840000000000	-0.23786770637551	-0.052001664132842
9.2080000000000	-0.23641129116694	-0.052142490146992
9.2320000000000	-0.23498162872141	-0.052313423846918
9.2560000000000	-0.23357912800724	-0.052513885884939
9.2800000000000	-0.23220418777009	-0.052743292639785
9.3040000000000	-0.23085719650913	-0.053001056386435
9.3280000000000	-0.22953853245603	-0.053286585465533
9.3520000000000	-0.22824856355667	-0.053599284452279
9.3760000000000	-0.22698764745549	-0.053938554324823
9.4000000000000	-0.22575613148261	-0.054303792632051
9.4240000000000	-0.22455435264352	-0.054694393660784
9.4480000000000	-0.22338263761144	-0.055109748602301
9.4720000000000	-0.22224130272228	-0.055549245718168
9.4960000000000	-0.22113065397215	-0.056012270505343
9.5200000000000	-0.22005098701746	-0.056498205860491
9.5440000000000	-0.21900258717748	-0.057006432243493
9.5680000000000	-0.21798572943946	-0.057536327840113
9.5920000000000	-0.21700067846614	-0.058087268723767
9.6160000000000	-0.21604768860578	-0.058658629016379
9.6400000000000	-0.21512700390451	-0.059249781048283
9.6640000000000	-0.21423885812109	-0.059860095517123
9.6880000000000	-0.21338347474405	-0.060488941645747
9.7120000000000	-0.21256106701108	-0.061135687339037
9.7360000000000	-0.21177183793072	-0.061799699339646
9.7600000000000	-0.21101598030633	-0.062480343382630
9.7840000000000	-0.21029367676227	-0.063176984348921
9.8080000000000	-0.20960509977220	-0.063888986417630
9.8320000000000	-0.20895041168963	-0.064615713217140
9.8560000000000	-0.20832976478053	-0.065356527974965
9.8800000000000	-0.20774330125805	-0.066110793666352
9.9040000000000	-0.20719115331925	-0.066877873161593
9.9280000000000	-0.20667344318391	-0.067657129372024
9.9520000000000	-0.20619028313530	-0.068447925394694
9.9760000000000	-0.20574177556288	-0.069249624655664
10.000000000000	-0.20532801300693	-0.070061591051927
10.024000000000	-0.20494907820508	-0.070883189091926
10.048000000000	-0.20460504414066	-0.071713784034639
10.072000000000	-0.20429597409285	-0.072552742027218
10.096000000000	-0.20402192168868	-0.073399430241164
10.120000000000	-0.20378293095666	-0.074253217007008
10.144000000000	-0.20357903638222	-0.075113471947498
10.168000000000	-0.20341026296474	-0.075979566109250
10.192000000000	-0.20327662627626	-0.076850872092874
10.216000000000	-0.20317813252178	-0.077726764181534
10.240000000000	-0.20311477860115	-0.078606618467945
10.264000000000	-0.20308655217239	-0.079489812979781
10.288000000000	-0.20309343171664	-0.080375727803488
10.312000000000	-0.20313538660449	-0.081263745206482
10.336000000000	-0.20321237716369	-0.082153249757730
10.360000000000	-0.20332435474837	-0.083043628446690
10.384000000000	-0.20347126180949	-0.083934270800605
10.408000000000	-0.20365303196668	-0.084824569000153
10.432000000000	-0.20386959008132	-0.085713917993416
10.456000000000	-0.20412085233090	-0.086601715608186
10.480000000000	-0.20440672628456	-0.087487362662590
10.504000000000	-0.20472711097981	-0.088370263074024
10.528000000000	-0.20508189700041	-0.089249823966388
10.552000000000	-0.20547096655536	-0.090125455775634
10.576000000000	-0.20589419355892	-0.090996572353591
10.600000000000	-0.20635144371172	-0.091862591070096
10.624000000000	-0.20684257458284	-0.092722932913397
10.648000000000	-0.20736743569288	-0.093577022588852
10.672000000000	-0.20792586859793	-0.094424288615899
10.696000000000	-0.20851770697453	-0.095264163423305
10.720000000000	-0.20914277670540	-0.096096083442701
10.744000000000	-0.20980089596606	-0.096919489200379
10.768000000000	-0.21049187531227	-0.097733825407380
10.792000000000	-0.21121551776819	-0.098538541047848
10.816000000000	-0.21197161891536	-0.099333089465663
10.840000000000	-0.21275996698230	-0.10011692844936
10.864000000000	-0.21358034293485	-0.10088952031533
10.888000000000	-0.21443252056718	-0.10165033198928
10.912000000000	-0.21531626659331	-0.10239883508602
10.936000000000	-0.21623134073935	-0.10313450598750
10.960000000000	-0.21717749583620	-0.10385682591919
10.984000000000	-0.21815447791284	-0.10456528102471
11.008000000000	-0.21916202629006	-0.10525936243880
11.032000000000	-0.22019987367472	-0.10593856635854
11.056000000000	-0.22126774625440	-0.10660239411302
11.080000000000	-0.22236536379250	-0.10725035223116
11.104000000000	-0.22349243972371	-0.10788195250798
11.128000000000	-0.22464868124983	-0.10849671206920
11.152000000000	-0.22583378943594	-0.10909415343408
11.176000000000	-0.22704745930684	-0.10967380457677
11.200000000000	-0.22828937994382	-0.11023519898587
11.224000000000	-0.22955923458165	-0.11077787572248
11.248000000000	-0.23085670070578	-0.11130137947656
11.272000000000	-0.23218145014977	-0.11180526062168
11.296000000000	-0.23353314919291	-0.11228907526820
11.320000000000	-0.23491145865794	-0.11275238531484
11.344000000000	-0.23631603400896	-0.11319475849869
11.368000000000	-0.23774652544940	-0.11361576844359
11.392000000000	-0.23920257802009	-0.11401499470702
11.416000000000	-0.24068383169741	-0.11439202282543
11.440000000000	-0.24218992149143	-0.11474644435799
11.464000000000	-0.24372047754413	-0.11507785692883
11.488000000000	-0.24527512522756	-0.11538586426784
11.512000000000	-0.24685348524199	-0.11567007624985
11.536000000000	-0.24845517371405	-0.11593010893241
11.560000000000	-0.25007980229473	-0.11616558459207
11.584000000000	-0.25172697825740	-0.11637613175921
11.608000000000	-0.25339630459561	-0.11656138525134
11.632000000000	-0.25508738012085	-0.11672098620514
11.656000000000	-0.25679979956014	-0.11685458210685
11.680000000000	-0.25853315365346	-0.11696182682147
11.704000000000	-0.26028702925100	-0.11704238062040
11.728000000000	-0.26206100941021	-0.11709591020780
11.752000000000	-0.26385467349269	-0.11712208874550
11.776000000000	-0.26566759726076	-0.11712059587667
11.800000000000	-0.26749935297391	-0.11709111774802
11.824000000000	-0.26934950948484	-0.11703334703076
11.848000000000	-0.27121763233539	-0.11694698294023
11.872000000000	-0.27310328385204	-0.11683173125424
11.896000000000	-0.27500602324121	-0.11668730433008
11.920000000000	-0.27692540668420	-0.11651342112034
11.944000000000	-0.27886098743179	-0.11630980718741
11.968000000000	-0.28081231589853	-0.11607619471680
11.992000000000	-0.28277893975663	-0.11581232252916
12.016000000000	-0.28476040402955	-0.11551793609115
12.040000000000	-0.28675625118516	-0.11519278752515
12.064000000000	-0.28876602122848	-0.11483663561764
12.088000000000	-0.29078925179413	-0.11444924582663
12.112000000000	-0.29282547823823	-0.11403039028772
12.136000000000	-0.29487423372995	-0.11357984781919
12.160000000000	-0.29693504934267	-0.11309740392589
12.184000000000	-0.29900745414458	-0.11258285080204
12.208000000000	-0.30109097528890	-0.11203598733292
12.232000000000	-0.30318513810365	-0.11145661909551
12.256000000000	-0.30528946618092	-0.11084455835807
12.280000000000	-0.30740348146564	-0.11019962407863
12.304000000000	-0.30952670434390	-0.10952164190245
12.328000000000	-0.31165865373074	-0.10881044415853
12.352000000000	-0.31379884715750	-0.10806586985505
12.376000000000	-0.31594680085857	-0.10728776467377
12.400000000000	-0.31810202985764	-0.10647598096359
12.424000000000	-0.32026404805352	-0.10563037773301
12.448000000000	-0.32243236830530	-0.10475082064173
12.472000000000	-0.32460650251703	-0.10383718199124
12.496000000000	-0.32678596172185	-0.10288934071457
12.520000000000	-0.32897025616561	-0.10190718236503
12.544000000000	-0.33115889538983	-0.10089059910416
12.568000000000	-0.33335138831421	-0.099839489688718
12.592000000000	-0.33554724331850	-0.098753759456817
12.616000000000	-0.33774596832386	-0.097633320313230
12.640000000000	-0.33994707087356	-0.096478090713828
12.664000000000	-0.34215005821318	-0.095287995649195
12.688000000000	-0.34435443737018	-0.094062966627418
12.712000000000	-0.34655971523293	-0.092802941656085
12.736000000000	-0.34876539862904	-0.091507865223476
12.760000000000	-0.35097099440327	-0.090177688278982
12.784000000000	-0.35317600949465	-0.088812368212757
12.808000000000	-0.35537995101312	-0.087411868834604
12.832000000000	-0.35758232631555	-0.085976160352129
12.856000000000	-0.35978264308112	-0.084505219348157
12.880000000000	-0.36198040938608	-0.082999028757427
12.904000000000	-0.36417513377795	-0.081457577842581
12.928000000000	-0.36636632534908	-0.079880862169453
12.952000000000	-0.36855349380955	-0.078268883581676
12.976000000000	-0.37073614955953	-0.076621650174611
13.000000000000	-0.37291380376093	-0.074939176268615
13.024000000000	-0.37508596840853	-0.073221482381654
13.048000000000	-0.37725215640037	-0.071468595201275
13.072000000000	-0.37941188160761	-0.069680547555952
13.096000000000	-0.38156465894371	-0.067857378385802
13.120000000000	-0.38371000443298	-0.065999132712699
13.144000000000	-0.38584743527854	-0.064105861609787
13.168000000000	-0.38797646992960	-0.062177622170399
13.192000000000	-0.39009662814816	-0.060214477476404
13.216000000000	-0.39220743107501	-0.058216496565976
13.240000000000	-0.39430840129514	-0.056183754400811
13.264000000000	-0.39639906290256	-0.054116331832788
13.288000000000	-0.39847894156435	-0.052014315570094
13.312000000000	-0.40054756458423	-0.049877798142815
13.336000000000	-0.40260446096537	-0.047706877868003
13.360000000000	-0.40464916147266	-0.045501658814240
13.384000000000	-0.40668119869428	-0.043262250765684
13.408000000000	-0.40870010710263	-0.040988769185634
13.432000000000	-0.41070542311469	-0.038681335179598
13.456000000000	-0.41269668515166	-0.036340075457891
13.480000000000	-0.41467343369802	-0.033965122297761
13.504000000000	-0.41663521135992	-0.031556613505059
13.528000000000	-0.41858156292299	-0.029114692375446
13.552000000000	-0.42051203540939	-0.026639507655174
13.576000000000	-0.42242617813440	-0.024131213501414
13.600000000000	-0.42432354276217	-0.021589969442168
13.624000000000	-0.42620368336106	-0.019015940335756
13.648000000000	-0.42806615645810	-0.016409296329897
13.672000000000	-0.42991052109305	-0.013770212820377
13.696000000000	-0.43173633887163	-0.011098870409329
13.720000000000	-0.43354317401824	-0.0083954548631216
13.744000000000	-0.43533059342799	-0.0056601570698648
13.768000000000	-0.43709816671812	-0.0028931729965441
13.792000000000	-0.43884546627875	-9.4703645787311e-05
13.816000000000	-0.44057206732304	0.0027350449877286
13.840000000000	-0.44227754793671	0.0055958619612214
13.864000000000	-0.44396148912686	0.0084875314280945
13.888000000000	-0.44562347487029	0.011409832682564
13.912000000000	-0.44726309216105	0.014362540204617
13.936000000000	-0.44887993105745	0.017345423705300
13.960000000000	-0.45047358472841	0.020358248172313
13.984000000000	-0.45204364949915	0.023400773915927
14.008000000000	-0.45358972489632	0.026472756615198
14.032000000000	-0.45511141369244	0.029573947364482
14.056000000000	-0.45660832194972	0.032704092720241
14.080000000000	-0.45808005906330	0.035862934748130
14.104000000000	-0.45952623780379	0.039050211070368
14.128000000000	-0.46094647435925	0.042265654913377
14.152000000000	-0.46234038837649	0.045508995155687
14.176000000000	-0.46370760300179	0.048779956376104
14.200000000000	-0.46504774492097	0.052078258902122
14.224000000000	-0.46636044439881	0.055403618858596
14.248000000000	-0.46764533531793	0.058755748216640
14.272000000000	-0.46890205521694	0.062134354842771
14.296000000000	-0.47013024532807	0.065539142548282
14.320000000000	-0.47132955061406	0.068969811138823
14.344000000000	-0.47249961980457	0.072426056464220
14.368000000000	-0.47364010543186	0.075907570468489
14.392000000000	-0.47475066386587	0.079414041240057
14.416000000000	-0.47583095534875	0.082945153062189
14.440000000000	-0.47688064402864	0.086500586463598
14.464000000000	-0.47789939799300	0.090080018269253
14.488000000000	-0.47888688930114	0.093683121651356
14.512000000000	-0.47984279401630	0.097309566180503
14.536000000000	-0.48076679223700	0.10095901787701
14.560000000000	-0.48165856812782	0.10463113926242
14.584000000000	-0.48251780994956	0.10832558941111
14.608000000000	-0.48334421008877	0.11204202400215
14.632000000000	-0.48413746508672	0.11578009537122
14.656000000000	-0.48489727566768	0.11953945256268
14.680000000000	-0.48562334676664	0.12331974138183
14.704000000000	-0.48631538755638	0.12712060444725
14.728000000000	-0.48697311147402	0.13094168124327
14.752000000000	-0.48759623624682	0.13478260817259
14.776000000000	-0.48818448391749	0.13864301860893
14.800000000000	-0.48873758086882	0.14252254294990
14.824000000000	-0.48925525784776	0.14642080866990
14.848000000000	-0.48973724998885	0.15033744037310
14.872000000000	-0.49018329683705	0.15427205984660
14.896000000000	-0.49059314236998	0.15822428611352
14.920000000000	-0.49096653501955	0.16219373548636
14.944000000000	-0.49130322769300	0.16618002162026
14.968000000000	-0.49160297779331	0.17018275556644
14.992000000000	-0.49186554723903	0.17420154582564
15.016000000000	-0.49209070248351	0.17823599840164
15.040000000000	-0.49227821453352	0.18228571685483
15.064000000000	-0.49242785896730	0.18635030235582
15.088000000000	-0.49253941595196	0.19042935373909
15.112000000000	-0.49261267026034	0.19452246755667
15.136000000000	-0.49264741128727	0.19862923813184
15.160000000000	-0.49264343306518	0.20274925761286
15.184000000000	-0.49260053427923	0.20688211602674
15.208000000000	-0.49251851828169	0.21102740133297
15.232000000000	-0.49239719310591	0.21518469947729
15.256000000000	-0.49223637147955	0.21935359444544
15.280000000000	-0.49203587083736	0.22353366831693
15.304000000000	-0.49179551333324	0.22772450131877
15.328000000000	-0.49151512585180	0.23192567187918
15.352000000000	-0.49119454001938	0.23613675668133
15.376000000000	-0.49083359221435	0.24035733071695
15.400000000000	-0.49043212357697	0.24458696734001
15.424000000000	-0.48998998001863	0.24882523832029
15.448000000000	-0.48950701223047	0.25307171389695
15.472000000000	-0.48898307569149	0.25732596283199
15.496000000000	-0.48841803067606	0.26158755246373
15.520000000000	-0.48781174226087	0.26585604876015
15.544000000000	-0.48716408033132	0.27013101637222
15.568000000000	-0.48647491958733	0.27441201868712
15.592000000000	-0.48574413954859	0.27869861788140
15.616000000000	-0.48497162455928	0.28299037497405
15.640000000000	-0.48415726379220	0.28728684987945
15.664000000000	-0.48330095125234	0.29158760146031
15.688000000000	-0.48240258577994	0.29589218758039
15.712000000000	-0.48146207105296	0.30020016515721
15.736000000000	-0.48047931558902	0.30451109021457
15.760000000000	-0.47945423274681	0.30882451793507
15.784000000000	-0.47838674072688	0.31314000271232
15.808000000000	-0.47727676257204	0.31745709820323
15.832000000000	-0.47612422616706	0.32177535738001
15.856000000000	-0.47492906423795	0.32609433258209
15.880000000000	-0.47369121435065	0.33041357556793
15.904000000000	-0.47241061890923	0.33473263756660
15.928000000000	-0.47108722515354	0.33905106932927
15.952000000000	-0.46972098515632	0.34336842118050
15.976000000000	-0.46831185581987	0.34768424306941
16.000000000000	-0.46685979887212	0.35199808462062
16.024000000000	-0.46536478086220	0.35630949518508
16.048000000000	-0.46382677315558	0.36061802389066
16.072000000000	-0.46224575192859	0.36492321969258
16.096000000000	-0.46062169816252	0.36922463142366
16.120000000000	-0.45895459763719	0.37352180784438
16.144000000000	-0.45724444092406	0.37781429769268
16.168000000000	-0.45549122337878	0.38210164973364
16.192000000000	-0.45369494513330	0.38638341280889
16.216000000000	-0.45185561108754	0.39065913588584
16.240000000000	-0.44997323090048	0.39492836810666
16.264000000000	-0.44804781898084	0.39919065883705
16.288000000000	-0.44607939447728	0.40344555771482
16.312000000000	-0.44406798126814	0.40769261469815
16.336000000000	-0.44201360795069	0.41193138011371
16.360000000000	-0.43991630782994	0.41616140470446
16.384000000000	-0.43777611890698	0.42038223967727
16.408000000000	-0.43559308386691	0.42459343675024
16.432000000000	-0.43336725006626	0.42879454819977
16.456000000000	-0.43109866952002	0.43298512690741
16.480000000000	-0.42878739888822	0.43716472640644
16.504000000000	-0.42643349946206	0.44133290092811
16.528000000000	-0.42403703714963	0.44548920544774
16.552000000000	-0.42159808246119	0.44963319573041
16.576000000000	-0.41911671049407	0.45376442837648
16.600000000000	-0.41659300091709	0.45788246086679
16.624000000000	-0.41402703795461	0.46198685160752
16.648000000000	-0.41141891037020	0.46607715997489
16.672000000000	-0.40876871144985	0.47015294635943
16.696000000000	-0.40607653898486	0.47421377221004
16.720000000000	-0.40334249525421	0.47825920007774
16.744000000000	-0.40056668700673	0.48228879365910
16.768000000000	-0.39774922544271	0.48630211783936
16.792000000000	-0.39489022619527	0.49029873873530
16.816000000000	-0.39198980931127	0.49427822373769
16.840000000000	-0.38904809923186	0.49824014155356
16.864000000000	-0.38606522477279	0.50218406224806
16.888000000000	-0.38304131910415	0.50610955728600
16.912000000000	-0.37997651972999	0.51001619957316
16.936000000000	-0.37687096846740	0.51390356349717
16.960000000000	-0.37372481142539	0.51777122496813
16.984000000000	-0.37053819898335	0.52161876145886
17.008000000000	-0.36731128576923	0.52544575204487
17.032000000000	-0.36404423063736	0.52925177744395
17.056000000000	-0.36073719664598	0.53303642005544
17.080000000000	-0.35739035103444	0.53679926399918
17.104000000000	-0.35400386520007	0.54053989515412
17.128000000000	-0.35057791467482	0.54425790119655
17.152000000000	-0.34711267910149	0.54795287163802
17.176000000000	-0.34360834220981	0.55162439786296
17.200000000000	-0.34006509179205	0.55527207316585
17.224000000000	-0.33648311967855	0.55889549278814
17.248000000000	-0.33286262171278	0.56249425395478
17.272000000000	-0.32920379772630	0.56606795591041
17.296000000000	-0.32550685151332	0.56961619995518
17.320000000000	-0.32177199080506	0.57313858948028
17.344000000000	-0.31799942724386	0.57663473000302
17.368000000000	-0.31418937635703	0.58010422920166
17.392000000000	-0.31034205753041	0.58354669694983
17.416000000000	-0.30645769398174	0.58696174535059
17.440000000000	-0.30253651273382	0.59034898877017
17.464000000000	-0.29857874458734	0.59370804387133
17.488000000000	-0.29458462409360	0.59703852964640
17.512000000000	-0.29055438952689	0.60034006744987
17.536000000000	-0.28648828285679	0.60361228103080
17.560000000000	-0.28238654972013	0.60685479656464
17.584000000000	-0.27824943939283	0.61006724268493
17.608000000000	-0.27407720476151	0.61324925051448
17.632000000000	-0.26987010229489	0.61640045369626
17.656000000000	-0.26562839201503	0.61952048842391
17.680000000000	-0.26135233746838	0.62260899347196
17.704000000000	-0.25704220569659	0.62566561022558
17.728000000000	-0.25269826720725	0.62868998271007
17.752000000000	-0.24832079594435	0.63168175762000
17.776000000000	-0.24391006925864	0.63464058434789
17.800000000000	-0.23946636787783	0.63756611501270
17.824000000000	-0.23498997587657	0.64045800448778
17.848000000000	-0.23048118064634	0.64331591042869
17.872000000000	-0.22594027286516	0.64613949330042
17.896000000000	-0.22136754646717	0.64892841640451
17.920000000000	-0.21676329861205	0.65168234590560
17.944000000000	-0.21212782965431	0.65440095085784
17.968000000000	-0.20746144311248	0.65708390323075
17.992000000000	-0.20276444563810	0.65973087793491
18.016000000000	-0.19803714698467	0.66234155284720
18.040000000000	-0.19327985997643	0.66491560883575
18.064000000000	-0.18849290047700	0.66745272978451
18.088000000000	-0.18367658735799	0.66995260261753
18.112000000000	-0.17883124246741	0.67241491732285
18.136000000000	-0.17395719059804	0.67483936697611
18.160000000000	-0.16905475945568	0.67722564776378
18.184000000000	-0.16412427962726	0.67957345900606
18.208000000000	-0.15916608454895	0.68188250317950
18.232000000000	-0.15418051047406	0.68415248593922
18.256000000000	-0.14916789644098	0.68638311614086
18.280000000000	-0.14412858424089	0.68857410586217
18.304000000000	-0.13906291838557	0.69072517042432
18.328000000000	-0.13397124607492	0.69283602841279
18.352000000000	-0.12885391716460	0.69490640169808
18.376000000000	-0.12371128413347	0.69693601545601
18.400000000000	-0.11854370205104	0.69892459818768
18.424000000000	-0.11335152854477	0.70087188173924
18.448000000000	-0.10813512376738	0.70277760132121
18.472000000000	-0.10289485036408	0.70464149552755
18.496000000000	-0.097631073439729	0.70646330635449
18.520000000000	-0.092344160525929	0.70824277921888
18.544000000000	-0.087034481548093	0.70997966297646
18.568000000000	-0.081702408792441	0.71167370993963
18.592000000000	-0.076348316872960	0.71332467589503
18.616000000000	-0.070972582698302	0.71493232012080
18.640000000000	-0.065575585438651	0.71649640540357
18.664000000000	-0.060157706492536	0.71801669805506
18.688000000000	-0.054719329453614	0.71949296792854
18.712000000000	-0.049260840077400	0.72092498843487
18.736000000000	-0.043782626247972	0.72231253655832
18.760000000000	-0.038285077944633	0.72365539287209
18.784000000000	-0.032768587208540	0.72495334155354
18.808000000000	-0.027233548109298	0.72620617039920
18.832000000000	-0.021680356711527	0.72741367083936
18.856000000000	-0.016109411041398	0.72857563795257
18.880000000000	-0.010521111053134	0.72969187047970
18.904000000000	-0.0049158585954908	0.73076217083786
18.928000000000	0.00070594262179356	0.73178634513393
18.952000000000	0.0063438870615717	0.73276420317793
18.976000000000	0.011997567392886	0.73369555849607
19.000000000000	0.017666574524597	0.73458022834354
19.024000000000	0.023350497639020	0.73541803371700
19.048000000000	0.029048924225601	0.73620879936694
19.072000000000	0.034761440114599	0.73695235380960
19.096000000000	0.040487629510807	0.73764852933880
19.120000000000	0.046227075027271	0.73829716203740
19.144000000000	0.051979357719046	0.73889809178855
19.168000000000	0.057744057116967	0.73945116228672
19.192000000000	0.063520751261434	0.73995622104840
19.216000000000	0.069309016736224	0.74041311942264
19.240000000000	0.075108428702312	0.74082171260128
19.264000000000	0.080918560931716	0.74118185962897
19.288000000000	0.086738985841364	0.74149342341291
19.312000000000	0.092569274526967	0.74175627073241
19.336000000000	0.098408996796924	0.74197027224813
19.360000000000	0.10425772120623	0.74213530251113
19.384000000000	0.11011501509042	0.74225123997168
19.408000000000	0.11598044459951	0.74231796698781
19.432000000000	0.12185357473197	0.74233536983365
19.456000000000	0.12773396936872	0.74230333870749
19.480000000000	0.13362119130714	0.74222176773967
19.504000000000	0.13951480229508	0.74209055500016
19.528000000000	0.14541436306490	0.74190960250599
19.552000000000	0.15131943336757	0.74167881622837
19.576000000000	0.15722957200673	0.74139810609961
19.600000000000	0.16314433687277	0.74106738601983
19.624000000000	0.16906328497701	0.74068657386342
19.648000000000	0.17498597248581	0.74025559148525
19.672000000000	0.18091195475474	0.73977436472666
19.696000000000	0.18684078636276	0.73924282342126
19.720000000000	0.19277202114647	0.73866090140044
19.744000000000	0.19870521223430	0.73802853649870
19.768000000000	0.20463991208078	0.73734567055868
19.792000000000	0.21057567250083	0.73661224943608
19.816000000000	0.21651204470408	0.73582822300423
19.840000000000	0.22244857932914	0.73499354515847
19.864000000000	0.22838482647800	0.73410817382034
19.888000000000	0.23432033575044	0.73317207094150
19.912000000000	0.24025465627834	0.73218520250739
19.936000000000	0.24618733676021	0.73114753854073
19.960000000000	0.25211792549559	0.73005905310477
19.984000000000	0.25804597041956	0.72891972430620
20.008000000000	0.26397101913724	0.72772953429803
20.032000000000	0.26989261895834	0.72648846928202
20.056000000000	0.27581031693175	0.72519651951103
20.080000000000	0.28172365988008	0.72385367929107
20.104000000000	0.28763219443435	0.72245994698310
20.128000000000	0.29353546706864	0.72101532500461
20.152000000000	0.29943302413471	0.71951981983101
20.176000000000	0.30532441189682	0.71797344199665
20.200000000000	0.31120917656637	0.71637620609575
20.224000000000	0.31708686433678	0.71472813078295
20.248000000000	0.32295702141821	0.71302923877373
20.272000000000	0.32881919407242	0.71127955684450
20.296000000000	0.33467292864769	0.70947911583248
20.320000000000	0.34051777161362	0.70762795063530
20.344000000000	0.34635326959614	0.70572610021041
20.368000000000	0.35217896941242	0.70377360757416
20.392000000000	0.35799441810586	0.70177051980065
20.416000000000	0.36379916298110	0.69971688802036
20.440000000000	0.36959275163910	0.69761276741848
20.464000000000	0.37537473201213	0.69545821723295
20.488000000000	0.38114465239894	0.69325330075235
20.512000000000	0.38690206149984	0.69099808531335
20.536000000000	0.39264650845188	0.68869264229806
20.560000000000	0.39837754286398	0.68633704713100
20.584000000000	0.40409471485217	0.68393137927586
20.608000000000	0.40979757507478	0.68147572223192
20.632000000000	0.41548567476770	0.67897016353025
20.656000000000	0.42115856577963	0.67641479472961
20.680000000000	0.42681580060739	0.67380971141204
20.704000000000	0.43245693243119	0.67115501317821
20.728000000000	0.43808151514996	0.66845080364246
20.752000000000	0.44368910341669	0.66569719042752
20.776000000000	0.44927925267376	0.66289428515899
20.800000000000	0.45485151918834	0.66004220345949
20.824000000000	0.46040546008770	0.65714106494252
20.848000000000	0.46594063339464	0.65419099320598
20.872000000000	0.47145659806285	0.65119211582550
20.896000000000	0.47695291401230	0.64814456434727
20.920000000000	0.48242914216463	0.64504847428080
20.944000000000	0.48788484447854	0.64190398509112
20.968000000000	0.49331958398518	0.63871124019088
20.992000000000	0.49873292482353	0.63547038693196
21.016000000000	0.50412443227577	0.63218157659689
21.040000000000	0.50949367280263	0.62884496438984
21.064000000000	0.51484021407875	0.62546070942737
21.088000000000	0.52016362502800	0.62202897472881
21.112000000000	0.52546347585880	0.61854992720626
21.136000000000	0.53073933809939	0.61502373765438
21.160000000000	0.53599078463309	0.61145058073972
21.184000000000	0.54121738973353	0.60783063498973
21.208000000000	0.54641872909985	0.60416408278153
21.232000000000	0.55159437989184	0.60045111033019
21.256000000000	0.55674392076503	0.59669190767675
21.280000000000	0.56186693190582	0.59288666867587
21.304000000000	0.56696299506641	0.58903559098312
21.328000000000	0.57203169359984	0.58513887604193
21.352000000000	0.57707261249481	0.58119672907016
21.376000000000	0.58208533841060	0.57720935904629
21.400000000000	0.58706945971176	0.57317697869534
21.424000000000	0.59202456650287	0.56909980447430
21.448000000000	0.59695025066310	0.56497805655732
21.472000000000	0.60184610588079	0.56081195882038
21.496000000000	0.60671172768787	0.55660173882576
21.520000000000	0.61154671349423	0.55234762780601
21.544000000000	0.61635066262194	0.54804986064757
21.568000000000	0.62112317633946	0.54370867587407
21.592000000000	0.62586385789560	0.53932431562921
21.616000000000	0.63057231255353	0.53489702565922
21.640000000000	0.63524814762452	0.53042705529503
21.664000000000	0.63989097250162	0.52591465743401
21.688000000000	0.64450039869326	0.52136008852127
21.712000000000	0.64907603985659	0.51676360853072
21.736000000000	0.65361751183077	0.51212548094558
21.760000000000	0.65812443267006	0.50744597273863
21.784000000000	0.66259642267680	0.50272535435200
21.808000000000	0.66703310443416	0.49796389967661
21.832000000000	0.67143410283876	0.49316188603122
21.856000000000	0.67579904513313	0.48831959414104
21.880000000000	0.68012756093792	0.48343730811604
21.904000000000	0.68441928228400	0.47851531542880
21.928000000000	0.68867384364427	0.47355390689200
21.952000000000	0.69289088196537	0.46855337663553
21.976000000000	0.69707003669909	0.46351402208318
22.000000000000	0.70121094983359	0.45843614392898
22.024000000000	0.70531326592441	0.45332004611314
22.048000000000	0.70937663212522	0.44816603579759
22.072000000000	0.71340069821833	0.44297442334117
22.096000000000	0.71738511664500	0.43774552227438
22.120000000000	0.72132954253540	0.43247964927382
22.144000000000	0.72523363373840	0.42717712413622
22.168000000000	0.72909705085102	0.42183826975203
22.192000000000	0.73291945724765	0.41646341207877
22.216000000000	0.73670051910894	0.41105288011386
22.240000000000	0.74043990545045	0.40560700586718
22.264000000000	0.74413728815092	0.40012612433322
22.288000000000	0.74779234198031	0.39461057346288
22.312000000000	0.75140474462747	0.38906069413486
22.336000000000	0.75497417672751	0.38347683012678
22.360000000000	0.75850032188882	0.37785932808584
22.384000000000	0.76198286671976	0.37220853749922
22.408000000000	0.76542150085500	0.36652481066404
22.432000000000	0.76881591698152	0.36080850265707
22.456000000000	0.77216581086416	0.35505997130401
22.480000000000	0.77547088137097	0.34927957714850
22.504000000000	0.77873083049798	0.34346768342074
22.528000000000	0.78194536339374	0.33762465600584
22.552000000000	0.78511418838336	0.33175086341182
22.576000000000	0.78823701699223	0.32584667673726
22.600000000000	0.79131356396924	0.31991246963869
22.624000000000	0.79434354730971	0.31394861829765
22.648000000000	0.79732668827772	0.30795550138744
22.672000000000	0.80026271142818	0.30193350003962
22.696000000000	0.80315134462835	0.29588299781014
22.720000000000	0.80599231907895	0.28980438064527
22.744000000000	0.80878536933482	0.28369803684720
22.768000000000	0.81153023332510	0.27756435703939
22.792000000000	0.81422665237296	0.27140373413170
22.816000000000	0.81687437121484	0.26521656328516
22.840000000000	0.81947313801922	0.25900324187660
22.864000000000	0.82202270440487	0.25276416946302
22.888000000000	0.82452282545869	0.24649974774565
22.912000000000	0.82697325975289	0.24021038053390
22.936000000000	0.82937376936185	0.23389647370901
22.960000000000	0.83172411987833	0.22755843518756
22.984000000000	0.83402408042919	0.22119667488472
23.008000000000	0.83627342369061	0.21481160467735
23.032000000000	0.83847192590277	0.20840363836693
23.056000000000	0.84061936688396	0.20197319164227
23.080000000000	0.84271553004419	0.19552068204215
23.104000000000	0.84476020239823	0.18904652891772
23.128000000000	0.84675317457806	0.18255115339478
23.152000000000	0.84869424084484	0.17603497833599
23.176000000000	0.85058319910024	0.16949842830290
23.200000000000	0.85241985089726	0.16294192951788
23.224000000000	0.85420400145040	0.15636590982597
23.248000000000	0.85593545964538	0.14977079865664
23.272000000000	0.85761403804811	0.14315702698549
23.296000000000	0.85923955291321	0.13652502729580
23.320000000000	0.86081182419192	0.12987523354018
23.344000000000	0.86233067553933	0.12320808110204
23.368000000000	0.86379593432113	0.11652400675708
23.392000000000	0.86520743161967	0.10982344863480
23.416000000000	0.86656500223950	0.10310684617995
23.440000000000	0.86786848471220	0.096374640114028
23.464000000000	0.86911772130073	0.089627272396746
23.488000000000	0.87031255800309	0.082865186187598
23.512000000000	0.87145284455538	0.076088825807413
23.536000000000	0.87253843443424	0.069298636700007
23.560000000000	0.87356918485877	0.062495065393877
23.584000000000	0.87454495679167	0.055678559463999
23.608000000000	0.87546561493995	0.048849567493711
23.632000000000	0.87633102775488	0.042008539036720
23.656000000000	0.87714106743138	0.035155924579217
23.680000000000	0.87789560990687	0.028292175502142
23.704000000000	0.87859453485935	0.021417744043600
23.728000000000	0.87923772570502	0.014533083261433
23.752000000000	0.87982506959520	0.0076386469959882
23.776000000000	0.88035645741264	0.00073488983305623
23.800000000000	0.88083178376731	-0.0061777329329590
23.824000000000	0.88125094699147	-0.013098765335666
23.848000000000	0.88161384913423	-0.020027750773067
23.872000000000	0.88192039595541	-0.026964232043698
23.896000000000	0.88217049691894	-0.033907751382492
23.920000000000	0.88236406518552	-0.040857850496376
23.944000000000	0.88250101760480	-0.047814070599566
23.968000000000	0.88258127470692	-0.054775952448566
23.992000000000	0.88260476069349	-0.061743036376830
24.016000000000	0.88257140342795	-0.068714862329101
24.040000000000	0.88248113442543	-0.075690969895393
24.064000000000	0.88233388884202	-0.082670898344611
24.088000000000	0.88212960546340	-0.089654186657789
24.112000000000	0.88186822669304	-0.096640373560934
24.136000000000	0.88154969853977	-0.10362899755746
24.160000000000	0.88117397060485	-0.11061959696022
24.184000000000	0.88074099606847	-0.11761170992305
24.208000000000	0.88025073167574	-0.12460487447193
24.232000000000	0.87970313772218	-0.13159862853559
24.256000000000	0.87909817803870	-0.13859250997578
24.280000000000	0.87843581997601	-0.14558605661683
24.304000000000	0.87771603438864	-0.15257880627495
24.328000000000	0.87693879561843	-0.15957029678680
24.352000000000	0.87610408147751	-0.16656006603761
24.376000000000	0.87521187323087	-0.17354765198882
24.400000000000	0.87426215557848	-0.18053259270497
24.424000000000	0.87325491663692	-0.18751442638021
24.448000000000	0.87219014792063	-0.19449269136409
24.472000000000	0.87106784432271	-0.20146692618680
24.496000000000	0.86988800409535	-0.20843666958376
24.520000000000	0.86865062882978	-0.21540146051962
24.544000000000	0.86735572343597	-0.22236083821155
24.568000000000	0.86600329612187	-0.22931434215195
24.592000000000	0.86459335837228	-0.23626151213042
24.616000000000	0.86312592492746	-0.24320188825510
24.640000000000	0.86160101376138	-0.25013501097328
24.664000000000	0.86001864605959	-0.25706042109129
24.688000000000	0.85837884619693	-0.26397765979373
24.712000000000	0.85668164171482	-0.27088626866188
24.736000000000	0.85492706329838	-0.27778578969146
24.760000000000	0.85311514475327	-0.28467576530957
24.784000000000	0.85124592298227	-0.29155573839086
24.808000000000	0.84931943796170	-0.29842525227295
24.832000000000	0.84733573271763	-0.30528385077110
24.856000000000	0.84529485330183	-0.31213107819194
24.880000000000	0.84319684876769	-0.31896647934657
24.904000000000	0.84104177114589	-0.32578959956270
24.928000000000	0.83882967542000	-0.33259998469602
24.952000000000	0.83656061950196	-0.33939718114075
24.976000000000	0.83423466420747	-0.34618073583926
25.000000000000	0.83185187323132	-0.35295019629093
