#Parameters = {d=5.317902894795; d_passa_faixa=9.8825261741929; e=6.5892246517659e-11; l=5; p=5.3716190856516; p_passa_faixa=10.084210381829; phi=0; r=100; theta=0; u=1.1425808117681e-06; w=0.98825261741929; w_passa_faixa=0.495; z_fss=0.3}
#"Frequency / GHz"	"SZmax(2),Zmax(2) (1) [Real/Imaginary Part] [Re]"	"SZmax(2),Zmax(2) (1) [Real/Imaginary Part] [Im]"
#---------------------------------------------------------------------------------------------------------------------
1.0000000000000	-0.94306363224730	0.32124449513924
1.0240000000000	-0.94030479151403	0.32866025025974
1.0480000000000	-0.93748022482139	0.33605804474964
1.0720000000000	-0.93458989601317	0.34343733950356
1.0960000000000	-0.93163377017556	0.35079759271512
1.1200000000000	-0.92861181362897	0.35813825979758
1.1440000000000	-0.92552399392089	0.36545879330216
1.1680000000000	-0.92237027981997	0.37275864283401
1.1920000000000	-0.91915064131132	0.38003725496565
1.2160000000000	-0.91586504959309	0.38729407314805
1.2400000000000	-0.91251347707443	0.39452853761907
1.2640000000000	-0.90909589737487	0.40174008530942
1.2880000000000	-0.90561228532516	0.40892814974594
1.3120000000000	-0.90206261696967	0.41609216095224
1.3360000000000	-0.89844686957045	0.42323154534654
1.3600000000000	-0.89476502161292	0.43034572563683
1.3840000000000	-0.89101705281340	0.43743412071315
1.4080000000000	-0.88720294412849	0.44449614553695
1.4320000000000	-0.88332267776638	0.45153121102754
1.4560000000000	-0.87937623720016	0.45853872394559
1.4800000000000	-0.87536360718333	0.46551808677341
1.5040000000000	-0.87128477376745	0.47246869759235
1.5280000000000	-0.86713972432216	0.47938994995677
1.5520000000000	-0.86292844755758	0.48628123276500
1.5760000000000	-0.85865093354928	0.49314193012681
1.6000000000000	-0.85430717376585	0.49997142122771
1.6240000000000	-0.84989716109922	0.50676908018961
1.6480000000000	-0.84542088989795	0.51353427592822
1.6720000000000	-0.84087835600337	0.52026637200671
1.6960000000000	-0.83626955678901	0.52696472648587
1.7200000000000	-0.83159449120317	0.53362869177056
1.7440000000000	-0.82685315981503	0.54025761445238
1.7680000000000	-0.82204556486423	0.54685083514855
1.7920000000000	-0.81717171031422	0.55340768833694
1.8160000000000	-0.81223160190950	0.55992750218711
1.8400000000000	-0.80722524723684	0.56640959838730
1.8640000000000	-0.80215265579085	0.57285329196745
1.8880000000000	-0.79701383904386	0.57925789111795
1.9120000000000	-0.79180881052043	0.58562269700424
1.9360000000000	-0.78653758587670	0.59194700357710
1.9600000000000	-0.78120018298468	0.59823009737858
1.9840000000000	-0.77579662202183	0.60447125734354
2.0080000000000	-0.77032692556606	0.61066975459667
2.0320000000000	-0.76479111869640	0.61682485224498
2.0560000000000	-0.75918922909965	0.62293580516567
2.0800000000000	-0.75352128718314	0.62900185978933
2.1040000000000	-0.74778732619400	0.63502225387842
2.1280000000000	-0.74198738234512	0.64099621630089
2.1520000000000	-0.73612149494815	0.64692296679906
2.1760000000000	-0.73018970655378	0.65280171575348
2.2000000000000	-0.72419206309965	0.65863166394193
2.2240000000000	-0.71812861406625	0.66441200229333
2.2480000000000	-0.71199941264102	0.67014191163673
2.2720000000000	-0.70580451589119	0.67582056244503
2.2960000000000	-0.69954398494552	0.68144711457377
2.3200000000000	-0.69321788518552	0.68702071699463
2.3440000000000	-0.68682628644641	0.69254050752382
2.3680000000000	-0.68036926322823	0.69800561254525
2.3920000000000	-0.67384689491767	0.70341514672848
2.4160000000000	-0.66725926602092	0.70876821274149
2.4400000000000	-0.66060646640801	0.71406390095821
2.4640000000000	-0.65388859156929	0.71930128916084
2.4880000000000	-0.64710574288431	0.72447944223704
2.5120000000000	-0.64025802790384	0.72959741187190
2.5360000000000	-0.63334556064540	0.73465423623489
2.5600000000000	-0.62636846190304	0.73964893966166
2.5840000000000	-0.61932685957175	0.74458053233095
2.6080000000000	-0.61222088898732	0.74944800993655
2.6320000000000	-0.60505069328212	0.75425035335447
2.6560000000000	-0.59781642375755	0.75898652830543
2.6800000000000	-0.59051824027380	0.76365548501278
2.7040000000000	-0.58315631165763	0.76825615785603
2.7280000000000	-0.57573081612898	0.77278746502019
2.7520000000000	-0.56824194174701	0.77724830814100
2.7760000000000	-0.56068988687649	0.78163757194643
2.8000000000000	-0.55307486067538	0.78595412389459
2.8240000000000	-0.54539708360433	0.79019681380835
2.8480000000000	-0.53765678795900	0.79436447350699
2.8720000000000	-0.52985421842628	0.79845591643523
2.8960000000000	-0.52198963266506	0.80246993728997
2.9200000000000	-0.51406330191277	0.80640531164521
2.9440000000000	-0.50607551161860	0.81026079557554
2.9680000000000	-0.49802656210437	0.81403512527877
2.9920000000000	-0.48991676925426	0.81772701669814
3.0160000000000	-0.48174646523438	0.82133516514485
3.0400000000000	-0.47351599924341	0.82485824492139
3.0640000000000	-0.46522573829541	0.82829490894643
3.0880000000000	-0.45687606803608	0.83164378838218
3.1120000000000	-0.44846739359362	0.83490349226471
3.1360000000000	-0.44000014046558	0.83807260713850
3.1600000000000	-0.43147475544292	0.84114969669589
3.1840000000000	-0.42289170757269	0.84413330142265
3.2080000000000	-0.41425148916062	0.84702193825071
3.2320000000000	-0.40555461681519	0.84981410021928
3.2560000000000	-0.39680163253446	0.85250825614568
3.2800000000000	-0.38799310483720	0.85510285030725
3.3040000000000	-0.37912962993987	0.85759630213592
3.3280000000000	-0.37021183298092	0.85998700592695
3.3520000000000	-0.36124036929398	0.86227333056368
3.3760000000000	-0.35221592573157	0.86445361926008
3.4000000000000	-0.34313922204080	0.86652618932313
3.4240000000000	-0.33401101229289	0.86848933193718
3.4480000000000	-0.32483208636793	0.87034131197248
3.4720000000000	-0.31560327149664	0.87208036782047
3.4960000000000	-0.30632543386070	0.87370471125825
3.5200000000000	-0.29699948025344	0.87521252734518
3.5440000000000	-0.28762635980229	0.87660197435437
3.5680000000000	-0.27820706575485	0.87787118374245
3.5920000000000	-0.26874263732998	0.87901826016075
3.6160000000000	-0.25923416163566	0.88004128151151
3.6400000000000	-0.24968277565497	0.88093829905305
3.6640000000000	-0.24008966830187	0.88170733755767
3.6880000000000	-0.23045608254795	0.88234639552676
3.7120000000000	-0.22078331762177	0.88285344546745
3.7360000000000	-0.21107273128184	0.88322643423578
3.7600000000000	-0.20132574216449	0.88346328345123
3.7840000000000	-0.19154383220761	0.88356188998815
3.8080000000000	-0.18172854915129	0.88352012654959
3.8320000000000	-0.17188150911588	0.88333584232958
3.8560000000000	-0.16200439925827	0.88300686377010
3.8800000000000	-0.15209898050659	0.88253099541933
3.9040000000000	-0.14216709037352	0.88190602089818
3.9280000000000	-0.13221064584815	0.88112970398242
3.9520000000000	-0.12223164636588	0.88019978980791
3.9760000000000	-0.11223217685570	0.87911400620729
4.0000000000000	-0.10221441086388	0.87787006518619
4.0240000000000	-0.092180613752412	0.87646566454797
4.0480000000000	-0.082133145970570	0.87489848967617
4.0720000000000	-0.072074466397047	0.87316621548416
4.0960000000000	-0.062007135749972	0.87126650854193
4.1200000000000	-0.051933820061322	0.86919702939057
4.1440000000000	-0.041857294211741	0.86695543505493
4.1680000000000	-0.031780445521084	0.86453938176579
4.1920000000000	-0.021706277389301	0.86194652790284
4.2160000000000	-0.011637912981482	0.85917453717051
4.2400000000000	-0.0015785989500592	0.85622108201868
4.2640000000000	0.0084682908137614	0.85308384732078
4.2880000000000	0.018499251408218	0.84976053432222
4.3120000000000	0.028510643138813	0.84624886487190
4.3360000000000	0.038498687736788	0.84254658595031
4.3600000000000	0.048459464590499	0.83865147450748
4.3840000000000	0.058388907003254	0.83456134262437
4.4080000000000	0.068282798492456	0.83027404301118
4.4320000000000	0.078136769146421	0.82578747485625
4.4560000000000	0.087946292056687	0.82109959003887
4.4800000000000	0.097706679845276	0.81620839971930
4.5040000000000	0.10741308130804	0.81111198131893
4.5280000000000	0.11706047819702	0.80580848590307
4.5520000000000	0.12664368216650	0.80029614597837
4.5760000000000	0.13615733190951	0.79457328371617
4.6000000000000	0.14559589051339	0.78863831961218
4.6240000000000	0.15495364306517	0.78248978159193
4.6480000000000	0.16422469453953	0.77612631457021
4.6720000000000	0.17340296800448	0.76954669047138
4.6960000000000	0.18248220318177	0.76274981871561
4.7200000000000	0.19145595540166	0.75573475717454
4.7440000000000	0.20031759499351	0.74850072359747
4.7680000000000	0.20906030715624	0.74104710750692
4.7920000000000	0.21767709235455	0.73337348255982
4.8160000000000	0.22616076728928	0.72547961936737
4.8400000000000	0.23450396649206	0.71736549876362
4.8640000000000	0.24269914459640	0.70903132550891
4.8880000000000	0.25073857933937	0.70047754241060
4.9120000000000	0.25861437534940	0.69170484483890
4.9360000000000	0.26631846877713	0.68271419561130
4.9600000000000	0.27384263282771	0.67350684021364
4.9840000000000	0.28117848425320	0.66408432232079
5.0080000000000	0.28831749086476	0.65444849957379
5.0320000000000	0.29525098012405	0.64460155956450
5.0560000000000	0.30197014887283	0.63454603597199
5.0800000000000	0.30846607425891	0.62428482478829
5.1040000000000	0.31472972591509	0.61382120056392
5.1280000000000	0.32075197944538	0.60315883259617
5.1520000000000	0.32652363126997	0.59230180097570
5.1760000000000	0.33203541487678	0.58125461239899
5.2000000000000	0.33727801852279	0.57002221564645
5.2240000000000	0.34224210442299	0.55861001661798
5.2480000000000	0.34691832945836	0.54702389281006
5.2720000000000	0.35129736742694	0.53527020711037
5.2960000000000	0.35536993285362	0.52335582077881
5.3200000000000	0.35912680636458	0.51128810547643
5.3440000000000	0.36255886162202	0.49907495419716
5.3680000000000	0.36565709380268	0.48672479095127
5.3920000000000	0.36841264959091	0.47424657904404
5.4160000000000	0.37081685864325	0.46164982778912
5.4400000000000	0.37286126646598	0.44894459749248
5.4640000000000	0.37453766863156	0.43614150254104
5.4880000000000	0.37583814624240	0.42325171242951
5.5120000000000	0.37675510253286	0.41028695055988
5.5360000000000	0.37728130048184	0.39725949065105
5.5600000000000	0.37740990128915	0.38418215060052
5.5840000000000	0.37713450354948	0.37106828364723
5.6080000000000	0.37644918293838	0.35793176669319
5.6320000000000	0.37534853220500	0.34478698565345
5.6560000000000	0.37382770124739	0.33164881771733
5.6800000000000	0.37188243702782	0.31853261042015
5.7040000000000	0.36950912306787	0.30545415744380
5.7280000000000	0.36670481824724	0.29242967108525
5.7520000000000	0.36346729461542	0.27947575135635
5.7760000000000	0.35979507391303	0.26660935170415
5.8000000000000	0.35568746248956	0.25384774136910
5.8240000000000	0.35114458429642	0.24120846442938
5.8480000000000	0.34616741163037	0.22870929561110
5.8720000000000	0.34075779330075	0.21636819297800
5.8960000000000	0.33491847989697	0.20420324764890
5.9200000000000	0.32865314583883	0.19223263072649
5.9440000000000	0.32196640790304	0.18047453765639
5.9680000000000	0.31486383993390	0.16894713027105
5.9920000000000	0.30735198346527	0.15766847680732
6.0160000000000	0.29943835400421	0.14665649021966
6.0400000000000	0.29113144275458	0.13592886514216
6.0640000000000	0.28244071359022	0.12550301388136
6.0880000000000	0.27337659512317	0.11539600184718
6.1120000000000	0.26395046775160	0.10562448285141
6.1360000000000	0.25417464561393	0.096204634720980
6.1600000000000	0.24406235342114	0.087152095686373
6.1840000000000	0.23362769818574	0.078481902013659
6.2080000000000	0.22288563591477	0.070208427351561
6.2320000000000	0.21185193338314	0.062345324261998
6.2560000000000	0.20054312515334	0.054905468394031
6.2800000000000	0.18897646605606	0.047900905746759
6.3040000000000	0.17716987939349	0.041342803446478
6.3280000000000	0.16514190117242	0.035241404437685
6.3520000000000	0.15291162071626	0.029605986456371
6.3760000000000	0.14049861804377	0.024444825617947
6.4000000000000	0.12792289843656	0.019765164911596
6.4240000000000	0.11520482464706	0.015573187848320
6.4480000000000	0.10236504722271	0.011873997462175
6.4720000000000	0.089424433440612	0.0086716008138119
6.4960000000000	0.076403995359535	0.0059688990932975
6.5200000000000	0.063324817502150	0.0037676833659569
6.5440000000000	0.050207984680733	0.0020686359516138
6.5680000000000	0.037074510473217	0.00087133737477334
6.5920000000000	0.023945266844386	0.00017427877189328
6.6160000000000	0.010840915389039	-2.5120407409471e-05
6.6400000000000	-0.0022181593493292	0.00026951038519453
6.6640000000000	-0.015211914059088	0.0010535204140695
6.6880000000000	-0.028120707947559	0.0023212698171680
6.7120000000000	-0.040925360778407	0.0040661659777907
6.7360000000000	-0.053607207342543	0.0062807037549028
6.7600000000000	-0.066148148087775	0.0089565091918351
6.7840000000000	-0.078530695676078	0.012084386303976
6.8080000000000	-0.090738017282113	0.015654366532179
6.8320000000000	-0.10275397249170	0.019655760440061
6.8560000000000	-0.11456314670367	0.024077211229988
6.8800000000000	-0.12615087998240	0.028906749654199
6.9040000000000	-0.13750329135058	0.034131849903853
6.9280000000000	-0.14860729855208	0.039739486069466
6.9520000000000	-0.15945063335268	0.045716188780903
6.9760000000000	-0.17002185248128	0.052048101653277
7.0000000000000	-0.18031034434611	0.058721037186331
7.0240000000000	-0.19030633168911	0.065720531788725
7.0480000000000	-0.20000087036612	0.073031899624510
7.0720000000000	-0.20938584446253	0.080640285006560
7.0960000000000	-0.21845395797100	0.088530713090272
7.1200000000000	-0.22719872327256	0.096688138650079
7.1440000000000	-0.23561444667258	0.10509749275074
7.1680000000000	-0.24369621125048	0.11374372715459
7.1920000000000	-0.25143985728611	0.12261185633464
7.2160000000000	-0.25884196052662	0.13168699699127
7.2400000000000	-0.26589980855613	0.14095440499696
7.2640000000000	-0.27261137552634	0.15039950971863
7.2880000000000	-0.27897529549965	0.16000794569141
7.3120000000000	-0.28499083464845	0.16976558163905
7.3360000000000	-0.29065786254386	0.17965854685697
7.3600000000000	-0.29597682275637	0.18967325499207
7.3840000000000	-0.30094870297797	0.19979642526971
7.4080000000000	-0.30557500486238	0.21001510123317
7.4320000000000	-0.30985771376601	0.22031666707297
7.4560000000000	-0.31379926855792	0.23068886163464
7.4800000000000	-0.31740253165262	0.24111979020215
7.5040000000000	-0.32067075940506	0.25159793416160
7.5280000000000	-0.32360757299281	0.26211215865538
7.5520000000000	-0.32621692989622	0.27265171834106
7.5760000000000	-0.32850309607384	0.28320626137216
7.6000000000000	-0.33047061891724	0.29376583171927
7.6240000000000	-0.33212430105662	0.30432086995039
7.6480000000000	-0.33346917507687	0.31486221258878
7.6720000000000	-0.33451047919252	0.32538109016482
7.6960000000000	-0.33525363391947	0.33586912407614
7.7200000000000	-0.33570421977182	0.34631832236720
7.7440000000000	-0.33586795600309	0.35672107453597
7.7680000000000	-0.33575068040310	0.36707014547103
7.7920000000000	-0.33535833015425	0.37735866861838
7.8160000000000	-0.33469692374446	0.38758013847197
7.8400000000000	-0.33377254392792	0.39772840247757
7.8640000000000	-0.33259132171980	0.40779765243406
7.8880000000000	-0.33115942140631	0.41778241547129
7.9120000000000	-0.32948302654766	0.42767754467845
7.9360000000000	-0.32756832694803	0.43747820945157
7.9600000000000	-0.32542150656394	0.44717988562399
7.9840000000000	-0.32304873232007	0.45677834543826
8.0080000000000	-0.32045614379957	0.46626964741344
8.0320000000000	-0.31764984377477	0.47565012615686
8.0560000000000	-0.31463588954290	0.48491638216501
8.0800000000000	-0.31142028503089	0.49406527165379
8.1040000000000	-0.30800897363284	0.50309389645448
8.1280000000000	-0.30440783174367	0.51199959400758
8.1520000000000	-0.30062266295276	0.52077992748342
8.1760000000000	-0.29665919286136	0.52943267605448
8.2000000000000	-0.29252306448854	0.53795582534170
8.2240000000000	-0.28821983423082	0.54634755805361
8.2480000000000	-0.28375496834152	0.55460624483459
8.2720000000000	-0.27913383989702	0.56273043533584
8.2960000000000	-0.27436172621766	0.57071884952047
8.3200000000000	-0.26944380671282	0.57857036921164
8.3440000000000	-0.26438516112008	0.58628402989106
8.3680000000000	-0.25919076811028	0.59385901275302
8.3920000000000	-0.25386550423096	0.60129463701772
8.4160000000000	-0.24841414316238	0.60859035250608
8.4400000000000	-0.24284135526102	0.61574573247688
8.4640000000000	-0.23715170736734	0.62276046672599
8.4880000000000	-0.23134966285520	0.62963435494622
8.5120000000000	-0.22543958190201	0.63636730034568
8.5360000000000	-0.21942572195959	0.64295930352134
8.5600000000000	-0.21331223840699	0.64941045658417
8.5840000000000	-0.20710318536764	0.65572093753125
8.6080000000000	-0.20080251667432	0.66189100486011
8.6320000000000	-0.19441408696632	0.66792099241968
8.6560000000000	-0.18794165290453	0.67381130449229
8.6800000000000	-0.18138887449064	0.67956241110060
8.7040000000000	-0.17475931647823	0.68517484353299
8.7280000000000	-0.16805644986369	0.69064919008129
8.7520000000000	-0.16128365344646	0.69598609198389
8.7760000000000	-0.15444421544822	0.70118623956767
8.8000000000000	-0.14754133518209	0.70625036858206
8.8240000000000	-0.14057812476294	0.71117925671836
8.8480000000000	-0.13355761085117	0.71597372030755
8.8720000000000	-0.12648273642264	0.72063461119007
8.8960000000000	-0.11935636255810	0.72516281375065
8.9200000000000	-0.11218127024609	0.72955924211194
8.9440000000000	-0.10496016219373	0.73382483748026
8.9680000000000	-0.097695664640399	0.73796056563729
8.9920000000000	-0.090390329169814	0.74196741457149
9.0160000000000	-0.083046634516186	0.74584639224319
9.0400000000000	-0.075666988360916	0.74959852447742
9.0640000000000	-0.068253729116400	0.75322485297897
9.0880000000000	-0.060809127693951	0.75672643346381
9.1120000000000	-0.053335389253198	0.76010433390173
9.1360000000000	-0.045834654930573	0.76335963286491
9.1600000000000	-0.038309003544812	0.76649341797738
9.1840000000000	-0.030760453277650	0.76950678446048
9.2080000000000	-0.023190963328111	0.77240083376968
9.2320000000000	-0.015602435539035	0.77517667231825
9.2560000000000	-0.0079967159946706	0.77783541028341
9.2800000000000	-0.00037559658836370	0.78037816049079
9.3040000000000	0.0072591834404795	0.78280603737322
9.3280000000000	0.014905936000796	0.78512015599994
9.3520000000000	0.022563022676155	0.78732163117275
9.3760000000000	0.030228853283314	0.78941157658522
9.4000000000000	0.037901884463299	0.79139110404202
9.4240000000000	0.045580618305169	0.79326132273475
9.4480000000000	0.053263601002535	0.79502333857148
9.4720000000000	0.060949421542786	0.79667825355694
9.4960000000000	0.068636710428941	0.79822716522048
9.5200000000000	0.076324138433922	0.79967116608933
9.5440000000000	0.084010415387044	0.80101134320444
9.5680000000000	0.091694288992396	0.80224877767651
9.5920000000000	0.099374543678786	0.80338454427995
9.6160000000000	0.10704999948085	0.80441971108254
9.6400000000000	0.11471951095093	0.80535533910870
9.6640000000000	0.12238196610120	0.80619248203437
9.6880000000000	0.13003628537560	0.80693218591166
9.7120000000000	0.13768142065108	0.80757548892142
9.7360000000000	0.14531635426756	0.80812342115210
9.7600000000000	0.15294009808609	0.80857700440322
9.7840000000000	0.16055169257465	0.80893725201192
9.8080000000000	0.16815020592099	0.80920516870127
9.8320000000000	0.17573473317196	0.80938175044873
9.8560000000000	0.18330439539866	0.80946798437374
9.8800000000000	0.19085833888699	0.80946484864293
9.9040000000000	0.19839573435269	0.80937331239204
9.9280000000000	0.20591577618065	0.80919433566325
9.9520000000000	0.21341768168758	0.80892886935699
9.9760000000000	0.22090069040764	0.80857785519721
10.000000000000	0.22836406340030	0.80814222570919
10.024000000000	0.23580708257998	0.80762290420896
10.048000000000	0.24322905006678	0.80702080480361
10.072000000000	0.25062928755776	0.80633683240163
10.096000000000	0.25800713571825	0.80557188273246
10.120000000000	0.26536195359256	0.80472684237481
10.144000000000	0.27269311803360	0.80380258879276
10.168000000000	0.28000002315081	0.80279999037933
10.192000000000	0.28728207977594	0.80171990650669
10.216000000000	0.29453871494613	0.80056318758267
10.240000000000	0.30176937140372	0.79933067511287
10.264000000000	0.30897350711245	0.79802320176800
10.288000000000	0.31615059478938	0.79664159145599
10.312000000000	0.32330012145212	0.79518665939837
10.336000000000	0.33042158798101	0.79365921221057
10.360000000000	0.33751450869564	0.79206004798579
10.384000000000	0.34457841094531	0.79038995638198
10.408000000000	0.35161283471309	0.78864971871173
10.432000000000	0.35861733223289	0.78684010803464
10.456000000000	0.36559146761936	0.78496188925198
10.480000000000	0.37253481650993	0.78301581920325
10.504000000000	0.37944696571886	0.78100264676450
10.528000000000	0.38632751290281	0.77892311294815
10.552000000000	0.39317606623751	0.77677795100393
10.576000000000	0.39999224410529	0.77456788652101
10.600000000000	0.40677567479307	0.77229363753087
10.624000000000	0.41352599620041	0.76995591461086
10.648000000000	0.42024285555737	0.76755542098827
10.672000000000	0.42692590915192	0.76509285264471
10.696000000000	0.43357482206637	0.76256889842068
10.720000000000	0.44018926792279	0.75998424012020
10.744000000000	0.44676892863691	0.75733955261534
10.768000000000	0.45331349418042	0.75463550395060
10.792000000000	0.45982266235115	0.75187275544698
10.816000000000	0.46629613855110	0.74905196180560
10.840000000000	0.47273363557194	0.74617377121087
10.864000000000	0.47913487338777	0.74323882543310
10.888000000000	0.48549957895487	0.74024775993042
10.912000000000	0.49182748601821	0.73720120394998
10.936000000000	0.49811833492456	0.73409978062836
10.960000000000	0.50437187244187	0.73094410709112
10.984000000000	0.51058785158482	0.72773479455147
11.008000000000	0.51676603144625	0.72447244840795
11.032000000000	0.52290617703434	0.72115766834111
11.056000000000	0.52900805911523	0.71779104840918
11.080000000000	0.53507145406113	0.71437317714261
11.104000000000	0.54109614370341	0.71090463763755
11.128000000000	0.54708191519082	0.70738600764817
11.152000000000	0.55302856085245	0.70381785967777
11.176000000000	0.55893587806537	0.70020076106878
11.200000000000	0.56480366912673	0.69653527409151
11.224000000000	0.57063174113031	0.69282195603165
11.248000000000	0.57641990584712	0.68906135927658
11.272000000000	0.58216797961016	0.68525403140042
11.296000000000	0.58787578320310	0.68140051524776
11.320000000000	0.59354314175267	0.67750134901625
11.344000000000	0.59916988462477	0.67355706633778
11.368000000000	0.60475584532411	0.66956819635844
11.392000000000	0.61030086139726	0.66553526381726
11.416000000000	0.61580477433895	0.66145878912357
11.440000000000	0.62126742950163	0.65733928843314
11.464000000000	0.62668867600807	0.65317727372308
11.488000000000	0.63206836666690	0.64897325286535
11.512000000000	0.63740635789109	0.64472772969914
11.536000000000	0.64270250961917	0.64044120410194
11.560000000000	0.64795668523910	0.63611417205928
11.584000000000	0.65316875151478	0.63174712573338
11.608000000000	0.65833857851500	0.62734055353041
11.632000000000	0.66346603954488	0.62289494016663
11.656000000000	0.66855101107956	0.61841076673327
11.680000000000	0.67359337270023	0.61388851076018
11.704000000000	0.67859300703220	0.60932864627835
11.728000000000	0.68354979968523	0.60473164388120
11.752000000000	0.68846363919581	0.60009797078470
11.776000000000	0.69333441697133	0.59542809088633
11.800000000000	0.69816202723629	0.59072246482296
11.824000000000	0.70294636698023	0.58598155002749
11.848000000000	0.70768733590744	0.58120580078444
11.872000000000	0.71238483638840	0.57639566828444
11.896000000000	0.71703877341286	0.57155160067761
11.920000000000	0.72164905454449	0.56667404312586
11.944000000000	0.72621558987706	0.56176343785413
11.968000000000	0.73073829199213	0.55682022420060
11.992000000000	0.73521707591816	0.55184483866587
12.016000000000	0.73965185909098	0.54683771496109
12.040000000000	0.74404256131561	0.54179928405512
12.064000000000	0.74838910472937	0.53672997422069
12.088000000000	0.75269141376622	0.53163021107957
12.112000000000	0.75694941512230	0.52650041764686
12.136000000000	0.76116303772264	0.52134101437420
12.160000000000	0.76533221268899	0.51615241919221
12.184000000000	0.76945687330871	0.51093504755186
12.208000000000	0.77353695500469	0.50568931246511
12.232000000000	0.77757239530632	0.50041562454449
12.256000000000	0.78156313382142	0.49511439204195
12.280000000000	0.78550911220903	0.48978602088681
12.304000000000	0.78941027415323	0.48443091472283
12.328000000000	0.79326656533775	0.47904947494452
12.352000000000	0.79707793342139	0.47364210073257
12.376000000000	0.80084432801438	0.46820918908857
12.400000000000	0.80456570065535	0.46275113486888
12.424000000000	0.80824200478925	0.45726833081773
12.448000000000	0.81187319574579	0.45176116759958
12.472000000000	0.81545923071877	0.44623003383078
12.496000000000	0.81900006874599	0.44067531611043
12.520000000000	0.82249567068980	0.43509739905056
12.544000000000	0.82594599921834	0.42949666530559
12.568000000000	0.82935101878737	0.42387349560117
12.592000000000	0.83271069562266	0.41822826876220
12.616000000000	0.83602499770297	0.41256136174036
12.640000000000	0.83929389474357	0.40687314964084
12.664000000000	0.84251735818029	0.40116400574851
12.688000000000	0.84569536115406	0.39543430155345
12.712000000000	0.84882787849598	0.38968440677587
12.736000000000	0.85191488671279	0.38391468939038
12.760000000000	0.85495636397289	0.37812551564973
12.784000000000	0.85795229009269	0.37231725010794
12.808000000000	0.86090264652347	0.36649025564285
12.832000000000	0.86380741633859	0.36064489347813
12.856000000000	0.86666658422114	0.35478152320474
12.880000000000	0.86948013645190	0.34890050280186
12.904000000000	0.87224806089775	0.34300218865725
12.928000000000	0.87497034700033	0.33708693558715
12.952000000000	0.87764698576512	0.33115509685567
12.976000000000	0.88027796975079	0.32520702419362
13.000000000000	0.88286329305892	0.31924306781694
13.024000000000	0.88540295132392	0.31326357644461
13.048000000000	0.88789694170335	0.30726889731608
13.072000000000	0.89034526286845	0.30125937620828
13.096000000000	0.89274791499497	0.29523535745215
13.120000000000	0.89510489975419	0.28919718394875
13.144000000000	0.89741622030431	0.28314519718496
13.168000000000	0.89968188128194	0.27707973724868
13.192000000000	0.90190188879393	0.27100114284375
13.216000000000	0.90407625040933	0.26490975130432
13.240000000000	0.90620497515165	0.25880589860892
13.264000000000	0.90828807349123	0.25268991939413
13.288000000000	0.91032555733784	0.24656214696784
13.312000000000	0.91231744003355	0.24042291332218
13.336000000000	0.91426373634560	0.23427254914603
13.360000000000	0.91616446245963	0.22811138383723
13.384000000000	0.91801963597291	0.22193974551442
13.408000000000	0.91982927588789	0.21575796102853
13.432000000000	0.92159340260575	0.20956635597396
13.456000000000	0.92331203792019	0.20336525469939
13.480000000000	0.92498520501133	0.19715498031834
13.504000000000	0.92661292843973	0.19093585471932
13.528000000000	0.92819523414057	0.18470819857579
13.552000000000	0.92973214941791	0.17847233135573
13.576000000000	0.93122370293912	0.17222857133093
13.600000000000	0.93266992472935	0.16597723558604
13.624000000000	0.93407084616618	0.15971864002730
13.648000000000	0.93542649997433	0.15345309939100
13.672000000000	0.93673692022045	0.14718092725169
13.696000000000	0.93800214230807	0.14090243603008
13.720000000000	0.93922220297255	0.13461793700077
13.744000000000	0.94039714027621	0.12832774029963
13.768000000000	0.94152699360344	0.12203215493099
13.792000000000	0.94261180365598	0.11573148877459
13.816000000000	0.94365161244820	0.10942604859230
13.840000000000	0.94464646330249	0.10311614003453
13.864000000000	0.94559640084470	0.096802067646577
13.888000000000	0.94650147099967	0.090484134874561
13.912000000000	0.94736172098674	0.084162644071301
13.936000000000	0.94817719931545	0.077837896501899
13.960000000000	0.94894795578114	0.071510192349144
13.984000000000	0.94967404146073	0.065179830718711
14.008000000000	0.95035550870847	0.058847109644166
14.032000000000	0.95099241115174	0.052512326091776
14.056000000000	0.95158480368696	0.046175775965137
14.080000000000	0.95213274247545	0.039837754109619
14.104000000000	0.95263628493937	0.033498554316621
14.128000000000	0.95309548975773	0.027158469327670
14.152000000000	0.95351041686233	0.020817790838330
14.176000000000	0.95388112743387	0.014476809501964
14.200000000000	0.95420768389797	0.0081358149333124
14.224000000000	0.95449014992128	0.0017950957119337
14.248000000000	0.95472859040758	-0.0045450606145285
14.272000000000	0.95492307149395	-0.010884367527218
14.296000000000	0.95507366054693	-0.017222539533094
14.320000000000	0.95518042615867	-0.023559292162094
14.344000000000	0.95524343814317	-0.029894341964454
14.368000000000	0.95526276753247	-0.036227406508146
14.392000000000	0.95523848657292	-0.042558204376470
14.416000000000	0.95517066872138	-0.048886455165759
14.440000000000	0.95505938864153	-0.055211879483231
14.464000000000	0.95490472220009	-0.061534198944947
14.488000000000	0.95470674646315	-0.067853136173906
14.512000000000	0.95446553969244	-0.074168414798249
14.536000000000	0.95418118134162	-0.080479759449588
14.560000000000	0.95385375205259	-0.086786895761442
14.584000000000	0.95348333365181	-0.093089550367782
14.608000000000	0.95307000914662	-0.099387450901692
14.632000000000	0.95261386272153	-0.10568032599413
14.656000000000	0.95211497973458	-0.11196790527278
14.680000000000	0.95157344671361	-0.11824991936105
14.704000000000	0.95098935135267	-0.12452609987709
14.728000000000	0.95036278250824	-0.13079617943297
14.752000000000	0.94969383019564	-0.13705989163393
14.776000000000	0.94898258558531	-0.14331697107774
14.800000000000	0.94822914099914	-0.14956715335408
14.824000000000	0.94743358990680	-0.15581017504409
14.848000000000	0.94659602692202	-0.16204577371996
14.872000000000	0.94571654779896	-0.16827368794460
14.896000000000	0.94479524942844	-0.17449365727144
14.920000000000	0.94383222983433	-0.18070542224418
14.944000000000	0.94282758816976	-0.18690872439679
14.968000000000	0.94178142471349	-0.19310330625346
14.992000000000	0.94069384086612	-0.19928891132865
15.016000000000	0.93956493914641	-0.20546528412722
15.040000000000	0.93839482318757	-0.21163217014463
15.064000000000	0.93718359773346	-0.21778931586720
15.088000000000	0.93593136863490	-0.22393646877243
15.112000000000	0.93463824284587	-0.23007337732939
15.136000000000	0.93330432841981	-0.23619979099917
15.160000000000	0.93192973450577	-0.24231546023540
15.184000000000	0.93051457134469	-0.24842013648477
15.208000000000	0.92905895026559	-0.25451357218772
15.232000000000	0.92756298368175	-0.26059552077905
15.256000000000	0.92602678508693	-0.26666573668870
15.280000000000	0.92445046905151	-0.27272397534251
15.304000000000	0.92283415121873	-0.27876999316302
15.328000000000	0.92117794830075	-0.28480354757043
15.352000000000	0.91948197807487	-0.29082439698345
15.376000000000	0.91774635937964	-0.29683230082032
15.400000000000	0.91597121211098	-0.30282701949980
15.424000000000	0.91415665721830	-0.30880831444227
15.448000000000	0.91230281670061	-0.31477594807078
15.472000000000	0.91040981360258	-0.32072968381227
15.496000000000	0.90847777201064	-0.32666928609868
15.520000000000	0.90650681704905	-0.33259452036823
15.544000000000	0.90449707487593	-0.33850515306668
15.568000000000	0.90244867267934	-0.34440095164859
15.592000000000	0.90036173867326	-0.35028168457870
15.616000000000	0.89823640209363	-0.35614712133329
15.640000000000	0.89607279319437	-0.36199703240155
15.664000000000	0.89387104324336	-0.36783118928708
15.688000000000	0.89163128451838	-0.37364936450931
15.712000000000	0.88935365030316	-0.37945133160502
15.736000000000	0.88703827488325	-0.38523686512985
15.760000000000	0.88468529354200	-0.39100574065990
15.784000000000	0.88229484255651	-0.39675773479327
15.808000000000	0.87986705919348	-0.40249262515169
15.832000000000	0.87740208170520	-0.40821019038219
15.856000000000	0.87490004932534	-0.41391021015872
15.880000000000	0.87236110226492	-0.41959246518388
15.904000000000	0.86978538170811	-0.42525673719059
15.928000000000	0.86717302980810	-0.43090280894388
15.952000000000	0.86452418968297	-0.43653046424262
15.976000000000	0.86183900541145	-0.44213948792131
16.000000000000	0.85911762202878	-0.44772966585189
16.024000000000	0.85636018552250	-0.45330078494554
16.048000000000	0.85356684282823	-0.45885263315457
16.072000000000	0.85073774182543	-0.46438499947423
16.096000000000	0.84787303133318	-0.46989767394464
16.120000000000	0.84497286110592	-0.47539044765267
16.144000000000	0.84203738182918	-0.48086311273385
16.168000000000	0.83906674511529	-0.48631546237431
16.192000000000	0.83606110349911	-0.49174729081276
16.216000000000	0.83302061043369	-0.49715839334240
16.240000000000	0.82994542028598	-0.50254856631295
16.264000000000	0.82683568833249	-0.50791760713263
16.288000000000	0.82369157075491	-0.51326531427017
16.312000000000	0.82051322463580	-0.51859148725683
16.336000000000	0.81730080795418	-0.52389592668846
16.360000000000	0.81405447958117	-0.52917843422753
16.384000000000	0.81077439927554	-0.53443881260517
16.408000000000	0.80746072767937	-0.53967686562331
16.432000000000	0.80411362631354	-0.54489239815671
16.456000000000	0.80073325757336	-0.55008521615508
16.480000000000	0.79731978472405	-0.55525512664518
16.504000000000	0.79387337189633	-0.56040193773293
16.528000000000	0.79039418408190	-0.56552545860558
16.552000000000	0.78688238712893	-0.57062549953377
16.576000000000	0.78333814773762	-0.57570187187377
16.600000000000	0.77976163345557	-0.58075438806953
16.624000000000	0.77615301267333	-0.58578286165495
16.648000000000	0.77251245461980	-0.59078710725595
16.672000000000	0.76884012935767	-0.59576694059273
16.696000000000	0.76513620777886	-0.60072217848190
16.720000000000	0.76140086159989	-0.60565263883869
16.744000000000	0.75763426335729	-0.61055814067918
16.768000000000	0.75383658640296	-0.61543850412242
16.792000000000	0.75000800489955	-0.62029355039275
16.816000000000	0.74614869381579	-0.62512310182192
16.840000000000	0.74225882892181	-0.62992698185136
16.864000000000	0.73833858678449	-0.63470501503441
16.888000000000	0.73438814476271	-0.63945702703852
16.912000000000	0.73040768100268	-0.64418284464751
16.936000000000	0.72639737443318	-0.64888229576379
16.960000000000	0.72235740476083	-0.65355520941063
16.984000000000	0.71828795246529	-0.65820141573435
17.008000000000	0.71418919879456	-0.66282074600665
17.032000000000	0.71006132576009	-0.66741303262678
17.056000000000	0.70590451613204	-0.67197810912386
17.080000000000	0.70171895343441	-0.67651581015909
17.104000000000	0.69750482194023	-0.68102597152802
17.128000000000	0.69326230666667	-0.68550843016284
17.152000000000	0.68899159337018	-0.68996302413458
17.176000000000	0.68469286854159	-0.69438959265546
17.200000000000	0.68036631940120	-0.69878797608104
17.224000000000	0.67601213389383	-0.70315801591259
17.248000000000	0.67163050068393	-0.70749955479930
17.272000000000	0.66722160915054	-0.71181243654055
17.296000000000	0.66278564938235	-0.71609650608817
17.320000000000	0.65832281217271	-0.72035160954872
17.344000000000	0.65383328901458	-0.72457759418574
17.368000000000	0.64931727209549	-0.72877430842202
17.392000000000	0.64477495429252	-0.73294160184184
17.416000000000	0.64020652916717	-0.73707932519326
17.440000000000	0.63561219096030	-0.74118733039032
17.464000000000	0.63099213458702	-0.74526547051538
17.488000000000	0.62634655563152	-0.74931359982129
17.512000000000	0.62167565034193	-0.75333157373367
17.536000000000	0.61697961562514	-0.75731924885316
17.560000000000	0.61225864904161	-0.76127648295765
17.584000000000	0.60751294880014	-0.76520313500453
17.608000000000	0.60274271375264	-0.76909906513290
17.632000000000	0.59794814338884	-0.77296413466583
17.656000000000	0.59312943783106	-0.77679820611255
17.680000000000	0.58828679782882	-0.78060114317067
17.704000000000	0.58342042475359	-0.78437281072845
17.728000000000	0.57853052059340	-0.78811307486692
17.752000000000	0.57361728794745	-0.79182180286213
17.776000000000	0.56868093002074	-0.79549886318735
17.800000000000	0.56372165061864	-0.79914412551523
17.824000000000	0.55873965414142	-0.80275746071998
17.848000000000	0.55373514557878	-0.80633874087956
17.872000000000	0.54870833050440	-0.80988783927784
17.896000000000	0.54365941507035	-0.81340463040672
17.920000000000	0.53858860600157	-0.81688898996833
17.944000000000	0.53349611059031	-0.82034079487711
17.968000000000	0.52838213669048	-0.82375992326197
17.992000000000	0.52324689271210	-0.82714625446839
18.016000000000	0.51809058761555	-0.83049966906052
18.040000000000	0.51291343090596	-0.83382004882329
18.064000000000	0.50771563262745	-0.83710727676447
18.088000000000	0.50249740335743	-0.84036123711675
18.112000000000	0.49725895420080	-0.84358181533978
18.136000000000	0.49200049678414	-0.84676889812223
18.160000000000	0.48672224324994	-0.84992237338378
18.184000000000	0.48142440625067	-0.85304213027720
18.208000000000	0.47610719894294	-0.85612805919027
18.232000000000	0.47077083498155	-0.85918005174781
18.256000000000	0.46541552851357	-0.86219800081363
18.280000000000	0.46004149417231	-0.86518180049247
18.304000000000	0.45464894707135	-0.86813134613196
18.328000000000	0.44923810279846	-0.87104653432447
18.352000000000	0.44380917740953	-0.87392726290909
18.376000000000	0.43836238742245	-0.87677343097343
18.400000000000	0.43289794981097	-0.87958493885549
18.424000000000	0.42741608199850	-0.88236168814551
18.448000000000	0.42191700185188	-0.88510358168779
18.472000000000	0.41640092767515	-0.88781052358242
18.496000000000	0.41086807820327	-0.89048241918712
18.520000000000	0.40531867259571	-0.89311917511891
18.544000000000	0.39975293043019	-0.89572069925588
18.568000000000	0.39417107169620	-0.89828690073885
18.592000000000	0.38857331678859	-0.90081768997303
18.616000000000	0.38295988650108	-0.90331297862969
18.640000000000	0.37733100201974	-0.90577267964771
18.664000000000	0.37168688491642	-0.90819670723521
18.688000000000	0.36602775714217	-0.91058497687107
18.712000000000	0.36035384102059	-0.91293740530647
18.736000000000	0.35466535924113	-0.91525391056632
18.760000000000	0.34896253485238	-0.91753441195077
18.784000000000	0.34324559125530	-0.91977883003662
18.808000000000	0.33751475219642	-0.92198708667865
18.832000000000	0.33177024176094	-0.92415910501103
18.856000000000	0.32601228436589	-0.92629480944856
18.880000000000	0.32024110475316	-0.92839412568801
18.904000000000	0.31445692798249	-0.93045698070928
18.928000000000	0.30865997942444	-0.93248330277664
18.952000000000	0.30285048475336	-0.93447302143984
18.976000000000	0.29702866994018	-0.93642606753521
19.000000000000	0.29119476124528	-0.93834237318674
19.024000000000	0.28534898521125	-0.94022187180708
19.048000000000	0.27949156865563	-0.94206449809848
19.072000000000	0.27362273866353	-0.94387018805371
19.096000000000	0.26774272258033	-0.94563887895695
19.120000000000	0.26185174800420	-0.94737050938455
19.144000000000	0.25595004277862	-0.94906501920582
19.168000000000	0.25003783498487	-0.95072234958371
19.192000000000	0.24411535293443	-0.95234244297545
19.216000000000	0.23818282516135	-0.95392524313314
19.240000000000	0.23224048041454	-0.95547069510429
19.264000000000	0.22628854765003	-0.95697874523223
19.288000000000	0.22032725602316	-0.95844934115654
19.312000000000	0.21435683488071	-0.95988243181339
19.336000000000	0.20837751375300	-0.96127796743577
19.360000000000	0.20238952234588	-0.96263589955368
19.384000000000	0.19639309053273	-0.96395618099427
19.408000000000	0.19038844834633	-0.96523876588190
19.432000000000	0.18437582597069	-0.96648360963805
19.456000000000	0.17835545373287	-0.96769066898125
19.480000000000	0.17232756209468	-0.96885990192690
19.504000000000	0.16629238164432	-0.96999126778694
19.528000000000	0.16025014308798	-0.97108472716956
19.552000000000	0.15420107724136	-0.97214024197869
19.576000000000	0.14814541502113	-0.97315777541351
19.600000000000	0.14208338743634	-0.97413729196778
19.624000000000	0.13601522557971	-0.97507875742912
19.648000000000	0.12994116061892	-0.97598213887820
19.672000000000	0.12386142378776	-0.97684740468779
19.696000000000	0.11777624637730	-0.97767452452173
19.720000000000	0.11168585972686	-0.97846346933379
19.744000000000	0.10559049521505	-0.97921421136645
19.768000000000	0.099490384250646	-0.97992672414944
19.792000000000	0.093385758263392	-0.98060098249839
19.816000000000	0.087276848694775	-0.98123696251309
19.840000000000	0.081163886988687	-0.98183464157586
19.864000000000	0.075047104582022	-0.98239399834964
19.888000000000	0.068926732895184	-0.98291501277603
19.912000000000	0.062803003322533	-0.98339766607313
19.936000000000	0.056676147222724	-0.98384194073331
19.960000000000	0.050546395908989	-0.98424782052077
19.984000000000	0.044413980639320	-0.98461529046904
20.008000000000	0.038279132606572	-0.98494433687817
20.032000000000	0.032142082928469	-0.98523494731198
20.056000000000	0.026003062637544	-0.98548711059495
20.080000000000	0.019862302670968	-0.98570081680905
20.104000000000	0.013720033860300	-0.98587605729038
20.128000000000	0.0075764869211357	-0.98601282462561
20.152000000000	0.0014318924426761	-0.98611111264829
20.176000000000	-0.0047135191228143	-0.98617091643489
20.200000000000	-0.010859517470637	-0.98619223230072
20.224000000000	-0.017005872454394	-0.98617505779563
20.248000000000	-0.023152354096818	-0.98611939169948
20.272000000000	-0.029298732600704	-0.98602523401742
20.296000000000	-0.035444778359954	-0.98589258597496
20.320000000000	-0.041590261970721	-0.98572145001279
20.344000000000	-0.047734954242660	-0.98551182978140
20.368000000000	-0.053878626210291	-0.98526373013541
20.392000000000	-0.060021049144480	-0.98497715712770
20.416000000000	-0.066161994564031	-0.98465211800329
20.440000000000	-0.072301234247386	-0.98428862119288
20.464000000000	-0.078438540244461	-0.98388667630625
20.488000000000	-0.084573684888594	-0.98344629412522
20.512000000000	-0.090706440808615	-0.98296748659648
20.536000000000	-0.096836580941052	-0.98245026682398
20.560000000000	-0.10296387854246	-0.98189464906112
20.584000000000	-0.10908810720188	-0.98130064870257
20.608000000000	-0.11520904085345	-0.98066828227575
20.632000000000	-0.12132645378913	-0.97999756743199
20.656000000000	-0.12744012067159	-0.97928852293736
20.680000000000	-0.13354981654723	-0.97854116866307
20.704000000000	-0.13965531685938	-0.97775552557557
20.728000000000	-0.14575639746157	-0.97693161572620
20.752000000000	-0.15185283463107	-0.97606946224050
20.776000000000	-0.15794440508250	-0.97516908930700
20.800000000000	-0.16403088598165	-0.97423052216572
20.824000000000	-0.17011205495946	-0.97325378709608
20.848000000000	-0.17618769012613	-0.97223891140447
20.872000000000	-0.18225757008552	-0.97118592341125
20.896000000000	-0.18832147394958	-0.97009485243732
20.920000000000	-0.19437918135308	-0.96896572879011
20.944000000000	-0.20043047246851	-0.96779858374913
20.968000000000	-0.20647512802112	-0.96659344955086
20.992000000000	-0.21251292930426	-0.96535035937314
21.016000000000	-0.21854365819486	-0.96406934731895
21.040000000000	-0.22456709716911	-0.96275044839959
21.064000000000	-0.23058302931845	-0.96139369851714
21.088000000000	-0.23659123836568	-0.95999913444638
21.112000000000	-0.24259150868142	-0.95856679381595
21.136000000000	-0.24858362530069	-0.95709671508875
21.160000000000	-0.25456737393987	-0.95558893754173
21.184000000000	-0.26054254101377	-0.95404350124474
21.208000000000	-0.26650891365316	-0.95246044703873
21.232000000000	-0.27246627972236	-0.95083981651303
21.256000000000	-0.27841442783730	-0.94918165198174
21.280000000000	-0.28435314738377	-0.94748599645931
21.304000000000	-0.29028222853599	-0.94575289363508
21.328000000000	-0.29620146227554	-0.94398238784691
21.352000000000	-0.30211064041058	-0.94217452405375
21.376000000000	-0.30800955559542	-0.94032934780716
21.400000000000	-0.31389800135042	-0.93844690522170
21.424000000000	-0.31977577208228	-0.93652724294423
21.448000000000	-0.32564266310473	-0.93457040812193
21.472000000000	-0.33149847065955	-0.93257644836910
21.496000000000	-0.33734299193805	-0.93054541173264
21.520000000000	-0.34317602510293	-0.92847734665617
21.544000000000	-0.34899736931063	-0.92637230194270
21.568000000000	-0.35480682473408	-0.92423032671585
21.592000000000	-0.36060419258596	-0.92205147037945
21.616000000000	-0.36638927514247	-0.91983578257555
21.640000000000	-0.37216187576754	-0.91758331314071
21.664000000000	-0.37792179893764	-0.91529411206050
21.688000000000	-0.38366885026714	-0.91296822942215
21.712000000000	-0.38940283653423	-0.91060571536524
21.736000000000	-0.39512356570743	-0.90820662003030
21.760000000000	-0.40083084697275	-0.90577099350534
21.784000000000	-0.40652449076152	-0.90329888577005
21.808000000000	-0.41220430877888	-0.90079034663770
21.832000000000	-0.41787011403298	-0.89824542569455
21.856000000000	-0.42352172086495	-0.89566417223665
21.880000000000	-0.42915894497961	-0.89304663520390
21.904000000000	-0.43478160347705	-0.89039286311132
21.928000000000	-0.44038951488501	-0.88770290397720
21.952000000000	-0.44598249919217	-0.88497680524819
21.976000000000	-0.45156037788236	-0.88221461372102
22.000000000000	-0.45712297396976	-0.87941637546071
22.024000000000	-0.46267011203509	-0.87658213571510
22.048000000000	-0.46820161826293	-0.87371193882557
22.072000000000	-0.47371732048004	-0.87080582813355
22.096000000000	-0.47921704819499	-0.86786384588287
22.120000000000	-0.48470063263890	-0.86488603311743
22.144000000000	-0.49016790680756	-0.86187242957422
22.168000000000	-0.49561870550481	-0.85882307357117
22.192000000000	-0.50105286538742	-0.85573800188974
22.216000000000	-0.50647022501139	-0.85261724965185
22.240000000000	-0.51187062487987	-0.84946085019086
22.264000000000	-0.51725390749265	-0.84626883491625
22.288000000000	-0.52261991739747	-0.84304123317163
22.312000000000	-0.52796850124304	-0.83977807208572
22.336000000000	-0.53329950783403	-0.83647937641588
22.360000000000	-0.53861278818803	-0.83314516838362
22.384000000000	-0.54390819559468	-0.82977546750192
22.408000000000	-0.54918558567691	-0.82637029039345
22.432000000000	-0.55444481645464	-0.82292965059950
22.456000000000	-0.55968574841086	-0.81945355837881
22.480000000000	-0.56490824456032	-0.81594202049579
22.504000000000	-0.57011217052100	-0.81239503999741
22.528000000000	-0.57529739458839	-0.80881261597805
22.552000000000	-0.58046378781287	-0.80519474333154
22.576000000000	-0.58561122408031	-0.80154141248961
22.600000000000	-0.59073958019598	-0.79785260914571
22.624000000000	-0.59584873597210	-0.79412831396343
22.648000000000	-0.60093857431917	-0.79036850226839
22.672000000000	-0.60600898134128	-0.78657314372240
22.696000000000	-0.61105984643557	-0.78274220197889
22.720000000000	-0.61609106239631	-0.77887563431814
22.744000000000	-0.62110252552350	-0.77497339126101
22.768000000000	-0.62609413573658	-0.77103541615961
22.792000000000	-0.63106579669342	-0.76706164476324
22.816000000000	-0.63601741591481	-0.76305200475801
22.840000000000	-0.64094890491493	-0.75900641527794
22.864000000000	-0.64586017933808	-0.75492478638571
22.888000000000	-0.65075115910198	-0.75080701852076
22.912000000000	-0.65562176854814	-0.74665300191209
22.936000000000	-0.66047193659970	-0.74246261595346
22.960000000000	-0.66530159692707	-0.73823572853777
22.984000000000	-0.67011068812204	-0.73397219534767
23.008000000000	-0.67489915388064	-0.72967185909893
23.032000000000	-0.67966694319554	-0.72533454873276
23.056000000000	-0.68441401055825	-0.72096007855318
23.080000000000	-0.68914031617208	-0.71654824730478
23.104000000000	-0.69384582617617	-0.71209883718614
23.128000000000	-0.69853051288152	-0.70761161279354
23.152000000000	-0.70319435501956	-0.70308631998914
23.176000000000	-0.70783733800419	-0.69852268468717
23.200000000000	-0.71245945420797	-0.69392041155116
23.224000000000	-0.71706070325337	-0.68927918259450
23.248000000000	-0.72164109231999	-0.68459865567572
23.272000000000	-0.72620063646870	-0.67987846287924
23.296000000000	-0.73073935898372	-0.67511820877119
23.320000000000	-0.73525729173360	-0.67031746851891
23.344000000000	-0.73975447555236	-0.66547578586152
23.368000000000	-0.74423096064179	-0.66059267091760
23.392000000000	-0.74868680699618	-0.65566759781448
23.416000000000	-0.75312208485072	-0.65070000212201
23.440000000000	-0.75753687515479	-0.64568927807165
23.464000000000	-0.76193127007140	-0.64063477553977
23.488000000000	-0.76630537350424	-0.63553579677133
23.512000000000	-0.77065930165341	-0.63039159281759
23.536000000000	-0.77499318360125	-0.62520135965845
23.560000000000	-0.77930716192942	-0.61996423397608
23.584000000000	-0.78360139336841	-0.61467928854308
23.608000000000	-0.78787604948032	-0.60934552718340
23.632000000000	-0.79213131737585	-0.60396187925921
23.656000000000	-0.79636740046597	-0.59852719363104
23.680000000000	-0.80058451924831	-0.59304023203163
23.704000000000	-0.80478291212810	-0.58749966178614
23.728000000000	-0.80896283627257	-0.58190404780258
23.752000000000	-0.81312456849710	-0.57625184374570
23.776000000000	-0.81726840618026	-0.57054138229620
23.800000000000	-0.82139466820352	-0.56477086438276
23.824000000000	-0.82550369590982	-0.55893834725902
23.848000000000	-0.82959585407282	-0.55304173127897
23.872000000000	-0.83367153186612	-0.54707874520231
23.896000000000	-0.83773114381788	-0.54104692983687
23.920000000000	-0.84177513073229	-0.53494361979518
23.944000000000	-0.84580396055331	-0.52876592310800
23.968000000000	-0.84981812913929	-0.52251069839677
23.992000000000	-0.85381816090776	-0.51617452925943
24.016000000000	-0.85780460929868	-0.50975369546658
24.040000000000	-0.86177805698956	-0.50324414049810
24.064000000000	-0.86573911577758	-0.49664143486987
24.088000000000	-0.86968842602041	-0.48994073460431
24.112000000000	-0.87362665549724	-0.48313673408334
24.136000000000	-0.87755449751329	-0.47622361238442
24.160000000000	-0.88147266802139	-0.46919497203297
24.184000000000	-0.88538190147101	-0.46204376890237
24.208000000000	-0.88928294501243	-0.45476223174659
24.232000000000	-0.89317655057718	-0.44734176955023
24.256000000000	-0.89706346421669	-0.43977286451197
24.280000000000	-0.90094441189898	-0.43204494802447
24.304000000000	-0.90482008072363	-0.42414625645213
24.328000000000	-0.90869109419903	-0.41606366281225
24.352000000000	-0.91255797980548	-0.40778247959501
24.376000000000	-0.91642112650600	-0.39928622686797
24.400000000000	-0.92028072911239	-0.39055635843733
24.424000000000	-0.92413671539314	-0.38157193709853
24.448000000000	-0.92798865042017	-0.37230924779550
24.472000000000	-0.93183561074543	-0.36274133467573
24.496000000000	-0.93567601836447	-0.35283744438630
24.520000000000	-0.93949654167484	-0.34255838652852
24.544000000000	-0.94332351123750	-0.33187460455202
24.568000000000	-0.94712717166764	-0.32073023648617
24.592000000000	-0.95090307625616	-0.30907210283694
24.616000000000	-0.95464384565516	-0.29683781066812
24.640000000000	-0.95833563646515	-0.28395311120033
24.664000000000	-0.96195948404325	-0.27033049199358
24.688000000000	-0.96548943472944	-0.25586621899899
24.712000000000	-0.96888992432117	-0.24043659795318
24.736000000000	-0.97211205845639	-0.22389322594427
24.760000000000	-0.97508827241559	-0.20605693708377
24.784000000000	-0.97772456609628	-0.18671006710484
24.808000000000	-0.97988905767275	-0.16558657978661
24.832000000000	-0.98139486290624	-0.14235954346612
24.856000000000	-0.98197409091469	-0.11662549895577
24.880000000000	-0.98123771581052	-0.087885621649593
24.904000000000	-0.97861266665054	-0.055524737345755
24.928000000000	-0.97324174374898	-0.018792372052605
24.952000000000	-0.96382255475045	0.023202102803348
24.976000000000	-0.94834723030668	0.071448867682046
25.000000000000	-0.92368680879615	0.12687395144791
