#Parameters = {d=9.5051559838931; d_passa_faixa=11.118252561128; e=3.984381e-11; l=5; p=10.89725559975; p_passa_faixa=11.773094507628; phi=0; r=281.16907657059; theta=0; u=1.2566e-06; w=1.9837076625897; w_passa_faixa=0.13385049465315; z_fss=0.2}
#"Frequency / GHz"	"SZmax(2),Zmax(2) (2) [Real/Imaginary Part] [Re]"	"SZmax(2),Zmax(2) (2) [Real/Imaginary Part] [Im]"
#---------------------------------------------------------------------------------------------------------------------
1.0000000000000	-0.046972976184742	-0.11716219768817
1.0240000000000	-0.049489299542615	-0.11941279027034
1.0480000000000	-0.052057744262941	-0.12162100286770
1.0720000000000	-0.054677634116392	-0.12378596746667
1.0960000000000	-0.057348280768588	-0.12590682631529
1.1200000000000	-0.060068983902767	-0.12798273205111
1.1440000000000	-0.062839031342905	-0.13001284782920
1.1680000000000	-0.065657699177468	-0.13199634745043
1.1920000000000	-0.068524251883748	-0.13393241548982
1.2160000000000	-0.071437942453013	-0.13582024742532
1.2400000000000	-0.074398012516426	-0.13765904976653
1.2640000000000	-0.077403692471966	-0.13944804018383
1.2880000000000	-0.080454201612251	-0.14118644763757
1.3120000000000	-0.083548748253558	-0.14287351250750
1.3360000000000	-0.086686529865928	-0.14450848672231
1.3600000000000	-0.089866733204563	-0.14609063388937
1.3840000000000	-0.093088534442564	-0.14761922942450
1.4080000000000	-0.096351099305052	-0.14909356068188
1.4320000000000	-0.099653583204792	-0.15051292708403
1.4560000000000	-0.10299513137938	-0.15187664025173
1.4800000000000	-0.10637487903005	-0.15318402413403
1.5040000000000	-0.10979195146224	-0.15443441513810
1.5280000000000	-0.11324546422785	-0.15562716225903
1.5520000000000	-0.11673452326937	-0.15676162720952
1.5760000000000	-0.12025822506603	-0.15783718454925
1.6000000000000	-0.12381565678171	-0.15885322181416
1.6240000000000	-0.12740589641508	-0.15980913964532
1.6480000000000	-0.13102801295168	-0.16070435191741
1.6720000000000	-0.13468106651831	-0.16153828586696
1.6960000000000	-0.13836410853943	-0.16231038221988
1.7200000000000	-0.14207618189592	-0.16302009531860
1.7440000000000	-0.14581632108621	-0.16366689324855
1.7680000000000	-0.14958355238956	-0.16425025796395
1.7920000000000	-0.15337689403194	-0.16476968541288
1.8160000000000	-0.15719535635416	-0.16522468566149
1.8400000000000	-0.16103794198261	-0.16561478301735
1.8640000000000	-0.16490364600241	-0.16593951615183
1.8880000000000	-0.16879145613318	-0.16619843822140
1.9120000000000	-0.17270035290725	-0.16639111698776
1.9360000000000	-0.17662930985062	-0.16651713493694
1.9600000000000	-0.18057729366637	-0.16657608939690
1.9840000000000	-0.18454326442089	-0.16656759265391
2.0080000000000	-0.18852617573258	-0.16649127206736
2.0320000000000	-0.19252497496337	-0.16634677018310
2.0560000000000	-0.19653860341281	-0.16613374484519
2.0800000000000	-0.20056599651494	-0.16585186930585
2.1040000000000	-0.20460608403782	-0.16550083233361
2.1280000000000	-0.20865779028569	-0.16508033831966
2.1520000000000	-0.21272003430401	-0.16459010738221
2.1760000000000	-0.21679173008697	-0.16402987546865
2.2000000000000	-0.22087178678790	-0.16339939445572
2.2240000000000	-0.22495910893219	-0.16269843224737
2.2480000000000	-0.22905259663299	-0.16192677287027
2.2720000000000	-0.23315114580954	-0.16108421656692
2.2960000000000	-0.23725364840807	-0.16017057988624
2.3200000000000	-0.24135899262543	-0.15918569577155
2.3440000000000	-0.24546606313518	-0.15812941364588
2.3680000000000	-0.24957374131634	-0.15700159949451
2.3920000000000	-0.25368090548461	-0.15580213594454
2.4160000000000	-0.25778643112613	-0.15453092234166
2.4400000000000	-0.26188919113365	-0.15318787482374
2.4640000000000	-0.26598805604515	-0.15177292639135
2.4880000000000	-0.27008189428487	-0.15028602697509
2.5120000000000	-0.27416957240657	-0.14872714349951
2.5360000000000	-0.27824995533919	-0.14709625994378
2.5600000000000	-0.28232190663467	-0.14539337739877
2.5840000000000	-0.28638428871796	-0.14361851412064
2.6080000000000	-0.29043596313916	-0.14177170558081
2.6320000000000	-0.29447579082773	-0.13985300451213
2.6560000000000	-0.29850263234866	-0.13786248095139
2.6800000000000	-0.30251534816065	-0.13580022227783
2.7040000000000	-0.30651279887603	-0.13366633324779
2.7280000000000	-0.31049384552264	-0.13146093602530
2.7520000000000	-0.31445734980729	-0.12918417020864
2.7760000000000	-0.31840217438094	-0.12683619285268
2.8000000000000	-0.32232718310545	-0.12441717848696
2.8240000000000	-0.32623124132179	-0.12192731912961
2.8480000000000	-0.33011321611968	-0.11936682429677
2.8720000000000	-0.33397197660858	-0.11673592100770
2.8960000000000	-0.33780639418987	-0.11403485378533
2.9200000000000	-0.34161534283015	-0.11126388465226
2.9440000000000	-0.34539769933578	-0.10842329312232
2.9680000000000	-0.34915234362812	-0.10551337618727
2.9920000000000	-0.35287815901986	-0.10253444829893
3.0160000000000	-0.35657403249200	-0.099486841346542
3.0400000000000	-0.36023885497159	-0.096370904629341
3.0640000000000	-0.36387152161000	-0.093187004824288
3.0880000000000	-0.36747093206164	-0.089935525948860
3.1120000000000	-0.37103599076312	-0.086616869319042
3.1360000000000	-0.37456560721266	-0.083231453502317
3.1600000000000	-0.37805869624966	-0.079779714265629
3.1840000000000	-0.38151417833425	-0.076262104518378
3.2080000000000	-0.38493097982692	-0.072679094250354
3.2320000000000	-0.38830803326793	-0.069031170464659
3.2560000000000	-0.39164427765643	-0.065318837105461
3.2800000000000	-0.39493865872920	-0.061542614980693
3.3040000000000	-0.39819012923888	-0.057703041679605
3.3280000000000	-0.40139764923174	-0.053800671485226
3.3520000000000	-0.40456018632446	-0.049836075281628
3.3760000000000	-0.40767671598035	-0.045809840456080
3.4000000000000	-0.41074622178440	-0.041722570796019
3.4240000000000	-0.41376769571742	-0.037574886380905
3.4480000000000	-0.41674013842891	-0.033367423468875
3.4720000000000	-0.41966255950867	-0.029100834378293
3.4960000000000	-0.42253397775701	-0.024775787364148
3.5200000000000	-0.42535342145337	-0.020392966489313
3.5440000000000	-0.42811992862340	-0.015953071490712
3.5680000000000	-0.43083254730415	-0.011456817640392
3.5920000000000	-0.43349033580750	-0.0069049356015083
3.6160000000000	-0.43609236298156	-0.0022981712792752
3.6400000000000	-0.43863770846992	0.0023627143331165
3.6640000000000	-0.44112546296877	0.0070769453135435
3.6880000000000	-0.44355472848159	0.011843730975004
3.7120000000000	-0.44592461857146	0.016662266034549
3.7360000000000	-0.44823425861078	0.021531730787107
3.7600000000000	-0.45048278602837	0.026451291284167
3.7840000000000	-0.45266935055371	0.031420099517229
3.8080000000000	-0.45479311445832	0.036437293606033
3.8320000000000	-0.45685325279419	0.041501997991464
3.8560000000000	-0.45884895362901	0.046613323633102
3.8800000000000	-0.46077941827829	0.051770368211366
3.9040000000000	-0.46264386153411	0.056972216334193
3.9280000000000	-0.46444151189037	0.062217939748168
3.9520000000000	-0.46617161176469	0.067506597554050
3.9760000000000	-0.46783341771655	0.072837236426658
4.0000000000000	-0.46942620066174	0.078208890839008
4.0240000000000	-0.47094924608303	0.083620583290626
4.0480000000000	-0.47240185423681	0.089071324540005
4.0720000000000	-0.47378334035595	0.094560113841080
4.0960000000000	-0.47509303484826	0.10008593918369
4.1200000000000	-0.47633028349100	0.10564777753786
4.1440000000000	-0.47749444762097	0.11124459510198
4.1680000000000	-0.47858490432034	0.11687534755455
4.1920000000000	-0.47960104659795	0.12253898030969
4.2160000000000	-0.48054228356611	0.12823442877607
4.2400000000000	-0.48140804061277	0.13396061861930
4.2640000000000	-0.48219775956910	0.13971646602772
4.2880000000000	-0.48291089887217	0.14550087798134
4.3120000000000	-0.48354693372290	0.15131275252399
4.3360000000000	-0.48410535623903	0.15715097903850
4.3600000000000	-0.48458567560325	0.16301443852479
4.3840000000000	-0.48498741820616	0.16890200388087
4.4080000000000	-0.48531012778418	0.17481254018648
4.4320000000000	-0.48555336555235	0.18074490498946
4.4560000000000	-0.48571671033190	0.18669794859454
4.4800000000000	-0.48579975867247	0.19267051435461
4.5040000000000	-0.48580212496917	0.19866143896429
4.5280000000000	-0.48572344157415	0.20466955275561
4.5520000000000	-0.48556335890279	0.21069367999589
4.5760000000000	-0.48532154553449	0.21673263918747
4.6000000000000	-0.48499768830786	0.22278524336935
4.6240000000000	-0.48459149241052	0.22885030042054
4.6480000000000	-0.48410268146318	0.23492661336505
4.6720000000000	-0.48353099759824	0.24101298067832
4.6960000000000	-0.48287620153273	0.24710819659512
4.7200000000000	-0.48213807263555	0.25321105141867
4.7440000000000	-0.48131640898909	0.25932033183084
4.7680000000000	-0.48041102744513	0.26543482120353
4.7920000000000	-0.47942176367505	0.27155329991079
4.8160000000000	-0.47834847221426	0.27767454564187
4.8400000000000	-0.47719102650091	0.28379733371483
4.8640000000000	-0.47594931890892	0.28992043739078
4.8880000000000	-0.47462326077511	0.29604262818851
4.9120000000000	-0.47321278242073	0.30216267619942
4.9360000000000	-0.47171783316707	0.30827935040268
4.9600000000000	-0.47013838134548	0.31439141898045
4.9840000000000	-0.46847441430147	0.32049764963301
5.0080000000000	-0.46672593839322	0.32659680989381
5.0320000000000	-0.46489297898421	0.33268766744417
5.0560000000000	-0.46297558043026	0.33876899042760
5.0800000000000	-0.46097380606076	0.34483954776361
5.1040000000000	-0.45888773815428	0.35089810946089
5.1280000000000	-0.45671747790850	0.35694344692973
5.1520000000000	-0.45446314540444	0.36297433329358
5.1760000000000	-0.45212487956520	0.36898954369969
5.2000000000000	-0.44970283810896	0.37498785562853
5.2240000000000	-0.44719719749658	0.38096804920216
5.2480000000000	-0.44460815287352	0.38692890749119
5.2720000000000	-0.44193591800645	0.39286921682037
5.2960000000000	-0.43918072521425	0.39878776707263
5.3200000000000	-0.43634282529369	0.40468335199145
5.3440000000000	-0.43342248743979	0.41055476948160
5.3680000000000	-0.43041999916074	0.41640082190788
5.3920000000000	-0.42733566618769	0.42222031639204
5.4160000000000	-0.42416981237921	0.42801206510759
5.4400000000000	-0.42092277962066	0.43377488557244
5.4640000000000	-0.41759492771842	0.43950760093932
5.4880000000000	-0.41418663428907	0.44520904028388
5.5120000000000	-0.41069829464359	0.45087803889024
5.5360000000000	-0.40713032166657	0.45651343853416
5.5600000000000	-0.40348314569062	0.46211408776339
5.5840000000000	-0.39975721436594	0.46767884217550
5.6080000000000	-0.39595299252514	0.47320656469270
5.6320000000000	-0.39207096204338	0.47869612583393
5.6560000000000	-0.38811162169394	0.48414640398387
5.6800000000000	-0.38407548699920	0.48955628565890
5.7040000000000	-0.37996309007721	0.49492466576992
5.7280000000000	-0.37577497948385	0.50025044788198
5.7520000000000	-0.37151172005068	0.50553254447051
5.7760000000000	-0.36717389271853	0.51076987717425
5.8000000000000	-0.36276209436697	0.51596137704470
5.8240000000000	-0.35827693763969	0.52110598479202
5.8480000000000	-0.35371905076586	0.52620265102738
5.8720000000000	-0.34908907737761	0.53125033650159
5.8960000000000	-0.34438767632366	0.53624801234006
5.9200000000000	-0.33961552147917	0.54119466027386
5.9440000000000	-0.33477330155202	0.54608927286708
5.9680000000000	-0.32986171988539	0.55093085374011
5.9920000000000	-0.32488149425694	0.55571841778910
6.0160000000000	-0.31983335667456	0.56045099140122
6.0400000000000	-0.31471805316881	0.56512761266604
6.0640000000000	-0.30953634358212	0.56974733158258
6.0880000000000	-0.30428900135489	0.57430921026231
6.1120000000000	-0.29897681330848	0.57881232312788
6.1360000000000	-0.29360057942538	0.58325575710758
6.1600000000000	-0.28816111262633	0.58763861182544
6.1840000000000	-0.28265923854486	0.59195999978708
6.2080000000000	-0.27709579529905	0.59621904656104
6.2320000000000	-0.27147163326071	0.60041489095577
6.2560000000000	-0.26578761482211	0.60454668519212
6.2800000000000	-0.26004461416031	0.60861359507134
6.3040000000000	-0.25424351699918	0.61261480013855
6.3280000000000	-0.24838522036917	0.61654949384166
6.3520000000000	-0.24247063236508	0.62041688368570
6.3760000000000	-0.23650067190169	0.62421619138259
6.4000000000000	-0.23047626846755	0.62794665299620
6.4240000000000	-0.22439836187692	0.63160751908286
6.4480000000000	-0.21826790201991	0.63519805482716
6.4720000000000	-0.21208584861111	0.63871754017306
6.4960000000000	-0.20585317093658	0.64216526995039
6.5200000000000	-0.19957084759938	0.64554055399650
6.5440000000000	-0.19323986626380	0.64884271727337
6.5680000000000	-0.18686122339828	0.65207109997991
6.5920000000000	-0.18043592401719	0.65522505765950
6.6160000000000	-0.17396498142148	0.65830396130291
6.6400000000000	-0.16744941693841	0.66130719744644
6.6640000000000	-0.16089025966033	0.66423416826526
6.6880000000000	-0.15428854618268	0.66708429166218
6.7120000000000	-0.14764532034124	0.66985700135154
6.7360000000000	-0.14096163294884	0.67255174693851
6.7600000000000	-0.13423854153143	0.67516799399356
6.7840000000000	-0.12747711006381	0.67770522412238
6.8080000000000	-0.12067840870488	0.68016293503096
6.8320000000000	-0.11384351353276	0.68254064058609
6.8560000000000	-0.10697350627961	0.68483787087116
6.8800000000000	-0.10006947406645	0.68705417223735
6.9040000000000	-0.093132509137847	0.68918910735015
6.9280000000000	-0.086163708596845	0.69124225523127
6.9520000000000	-0.079164174139889	0.69321321129605
6.9760000000000	-0.072135011792093	0.69510158738615
7.0000000000000	-0.065077331642787	0.69690701179785
7.0240000000000	-0.057992247581487	0.69862912930574
7.0480000000000	-0.050880877034332	0.70026760118198
7.0720000000000	-0.043744340701107	0.70182210521103
7.0960000000000	-0.036583762292881	0.70329233570003
7.1200000000000	-0.029400268270390	0.70467800348469
7.1440000000000	-0.022194987583189	0.70597883593094
7.1680000000000	-0.014969051409703	0.70719457693206
7.1920000000000	-0.0077235928981988	0.70832498690172
7.2160000000000	-0.00045974690877759	0.70936984276258
7.2400000000000	0.0068213502435249	0.71032893793078
7.2640000000000	0.014118561044504	0.71120208229619
7.2880000000000	0.021430747035306	0.71198910219850
7.3120000000000	0.028756769065652	0.71268984039927
7.3360000000000	0.036095487545700	0.71330415604981
7.3600000000000	0.043445762696478	0.71383192465518
7.3840000000000	0.050806454798810	0.71427303803403
7.4080000000000	0.058176424440696	0.71462740427470
7.4320000000000	0.065554532763057	0.71489494768727
7.4560000000000	0.072939641703805	0.71507560875189
7.4800000000000	0.080330614240165	0.71516934406322
7.5040000000000	0.087726314629197	0.71517612627120
7.5280000000000	0.095125608646450	0.71509594401810
7.5520000000000	0.10252736382272	0.71492880187188
7.5760000000000	0.10993044967879	0.71467472025606
7.6000000000000	0.11733373795824	0.71433373537592
7.6240000000000	0.12473610285805	0.71390589914134
7.6480000000000	0.13213642125716	0.71339127908607
7.6720000000000	0.13953357294289	0.71278995828376
7.6960000000000	0.14692644083497	0.71210203526052
7.7200000000000	0.15431391120751	0.71132762390434
7.7440000000000	0.16169487390848	0.71046685337116
7.7680000000000	0.16906822257691	0.70951986798793
7.7920000000000	0.17643285485763	0.70848682715237
7.8160000000000	0.18378767261365	0.70736790522992
7.8400000000000	0.19113158213593	0.70616329144746
7.8640000000000	0.19846349435071	0.70487318978430
7.8880000000000	0.20578232502424	0.70349781886012
7.9120000000000	0.21308699496491	0.70203741182027
7.9360000000000	0.22037643022272	0.70049221621816
7.9600000000000	0.22764956228611	0.69886249389504
7.9840000000000	0.23490532827607	0.69714852085713
8.0080000000000	0.24214267113748	0.69535058715013
8.0320000000000	0.24936053982775	0.69346899673128
8.0560000000000	0.25655788950258	0.69150406733892
8.0800000000000	0.26373368169895	0.68945613035964
8.1040000000000	0.27088688451527	0.68732553069312
8.1280000000000	0.27801647278859	0.68511262661471
8.1520000000000	0.28512142826895	0.68281778963576
8.1760000000000	0.29220073979083	0.68044140436179
8.2000000000000	0.29925340344158	0.67798386834861
8.2240000000000	0.30627842272699	0.67544559195638
8.2480000000000	0.31327480873377	0.67282699820171
8.2720000000000	0.32024158028910	0.67012852260781
8.2960000000000	0.32717776411713	0.66735061305287
8.3200000000000	0.33408239499248	0.66449372961655
8.3440000000000	0.34095451589063	0.66155834442485
8.3680000000000	0.34779317813530	0.65854494149321
8.3920000000000	0.35459744154277	0.65545401656809
8.4160000000000	0.36136637456308	0.65228607696694
8.4400000000000	0.36809905441815	0.64904164141669
8.4640000000000	0.37479456723680	0.64572123989089
8.4880000000000	0.38145200818668	0.64232541344536
8.5120000000000	0.38807048160307	0.63885471405261
8.5360000000000	0.39464910111456	0.63530970443502
8.5600000000000	0.40118698976563	0.63169095789678
8.5840000000000	0.40768328013606	0.62799905815470
8.6080000000000	0.41413711445729	0.62423459916803
8.6320000000000	0.42054764472559	0.62039818496716
8.6560000000000	0.42691403281211	0.61649042948141
8.6800000000000	0.43323545056985	0.61251195636590
8.7040000000000	0.43951107993745	0.60846339882763
8.7280000000000	0.44574011303991	0.60434539945068
8.7520000000000	0.45192175228620	0.60015861002079
8.7760000000000	0.45805521046366	0.59590369134912
8.8000000000000	0.46413971082950	0.59158131309554
8.8240000000000	0.47017448719897	0.58719215359127
8.8480000000000	0.47615878403065	0.58273689966098
8.8720000000000	0.48209185650850	0.57821624644449
8.8960000000000	0.48797297062098	0.57363089721806
8.9200000000000	0.49380140323701	0.56898156321530
8.9440000000000	0.49957644217895	0.56426896344775
8.9680000000000	0.50529738629253	0.55949382452530
8.9920000000000	0.51096354551373	0.55465688047631
9.0160000000000	0.51657424093273	0.54975887256763
9.0400000000000	0.52212880485482	0.54480054912454
9.0640000000000	0.52762658085833	0.53978266535057
9.0880000000000	0.53306692384965	0.53470598314740
9.1120000000000	0.53844920011526	0.52957127093472
9.1360000000000	0.54377278737090	0.52437930347028
9.1600000000000	0.54903707480777	0.51913086166995
9.1840000000000	0.55424146313593	0.51382673242811
9.2080000000000	0.55938536462475	0.50846770843817
9.2320000000000	0.56446820314058	0.50305458801336
9.2560000000000	0.56948941418162	0.49758817490791
9.2800000000000	0.57444844490990	0.49206927813856
9.3040000000000	0.57934475418061	0.48649871180642
9.3280000000000	0.58417781256857	0.48087729491936
9.3520000000000	0.58894710239202	0.47520585121481
9.3760000000000	0.59365211773377	0.46948520898318
9.4000000000000	0.59829236445952	0.46371620089172
9.4240000000000	0.60286736023369	0.45789966380912
9.4480000000000	0.60737663453253	0.45203643863067
9.4720000000000	0.61181972865465	0.44612737010410
9.4960000000000	0.61619619572900	0.44017330665620
9.5200000000000	0.62050560072028	0.43417510022013
9.5440000000000	0.62474752043184	0.42813360606356
9.5680000000000	0.62892154350609	0.42204968261760
9.5920000000000	0.63302727042248	0.41592419130664
9.6160000000000	0.63706431349300	0.40975799637905
9.6400000000000	0.64103229685530	0.40355196473876
9.6640000000000	0.64493085646346	0.39730696577790
9.6880000000000	0.64875964007637	0.39102387121034
9.7120000000000	0.65251830724387	0.38470355490625
9.7360000000000	0.65620652929053	0.37834689272779
9.7600000000000	0.65982398929723	0.37195476236578
9.7840000000000	0.66337038208051	0.36552804317748
9.8080000000000	0.66684541416972	0.35906761602560
9.8320000000000	0.67024880378206	0.35257436311834
9.8560000000000	0.67358028079543	0.34604916785067
9.8800000000000	0.67683958671922	0.33949291464686
9.9040000000000	0.68002647466307	0.33290648880412
9.9280000000000	0.68314070930356	0.32629077633766
9.9520000000000	0.68618206684892	0.31964666382687
9.9760000000000	0.68915033500179	0.31297503826288
10.000000000000	0.69204531292005	0.30627678689746
10.024000000000	0.69486681117570	0.29955279709322
10.048000000000	0.69761465171201	0.29280395617513
10.072000000000	0.70028866779866	0.28603115128357
10.096000000000	0.70288870398526	0.27923526922858
10.120000000000	0.70541461605298	0.27241719634570
10.144000000000	0.70786627096453	0.26557781835313
10.168000000000	0.71024354681238	0.25871802021042
10.192000000000	0.71254633276537	0.25183868597854
10.216000000000	0.71477452901366	0.24494069868153
10.240000000000	0.71692804671211	0.23802494016955
10.264000000000	0.71900680792207	0.23109229098349
10.288000000000	0.72101074555165	0.22414363022113
10.312000000000	0.72293980329450	0.21717983540474
10.336000000000	0.72479393556713	0.21020178235032
10.360000000000	0.72657310744476	0.20321034503837
10.384000000000	0.72827729459588	0.19620639548615
10.408000000000	0.72990648321527	0.18919080362167
10.432000000000	0.73146066995587	0.18216443715910
10.456000000000	0.73293986185926	0.17512816147591
10.480000000000	0.73434407628483	0.16808283949151
10.504000000000	0.73567334083786	0.16102933154755
10.528000000000	0.73692769329622	0.15396849528985
10.552000000000	0.73810718153605	0.14690118555190
10.576000000000	0.73921186345624	0.13982825424005
10.600000000000	0.74024180690176	0.13275055022026
10.624000000000	0.74119708958604	0.12566891920654
10.648000000000	0.74207779901215	0.11858420365103
10.672000000000	0.74288403239309	0.11149724263569
10.696000000000	0.74361589657106	0.10440887176564
10.720000000000	0.74427350793576	0.097319923064213
10.744000000000	0.74485699234180	0.090231224869558
10.768000000000	0.74536648502520	0.083143601732966
10.792000000000	0.74580213051902	0.076057874318825
10.816000000000	0.74616408256824	0.068974859306222
10.840000000000	0.74645250404368	0.061895369292212
10.864000000000	0.74666756685534	0.054820212696718
10.888000000000	0.74680945186485	0.047750193669099
10.912000000000	0.74687834879727	0.040686111996356
10.936000000000	0.74687445615222	0.033628763012989
10.960000000000	0.74679798111428	0.026578937512488
10.984000000000	0.74664913946285	0.019537421660481
11.008000000000	0.74642815548137	0.012504996909498
11.032000000000	0.74613526186591	0.0054824399153916
11.056000000000	0.74577069963333	-0.0015294775446381
11.080000000000	0.74533471802881	-0.0085299886523726
11.104000000000	0.74482757443296	-0.015518331627301
11.128000000000	0.74424953426838	-0.022493749803719
11.152000000000	0.74360087090590	-0.029455491706233
11.176000000000	0.74288186557025	-0.036402811123647
11.200000000000	0.74209280724547	-0.043334967181270
11.224000000000	0.74123399257989	-0.050251224411616
11.248000000000	0.74030572579074	-0.057150852823540
11.272000000000	0.73930831856850	-0.064033127969788
11.296000000000	0.73824208998093	-0.070897331012980
11.320000000000	0.73710736637682	-0.077742748790042
11.344000000000	0.73590448128945	-0.084568673875076
11.368000000000	0.73463377533994	-0.091374404640696
11.392000000000	0.73329559614026	-0.098159245317830
11.416000000000	0.73189029819614	-0.10492250605399
11.440000000000	0.73041824280980	-0.11166350297003
11.464000000000	0.72887979798249	-0.11838155821542
11.488000000000	0.72727533831703	-0.12507600002197
11.512000000000	0.72560524492009	-0.13174616275612
11.536000000000	0.72386990530453	-0.13839138696973
11.560000000000	0.72206971329161	-0.14501101944943
11.584000000000	0.72020506891317	-0.15160441326447
11.608000000000	0.71827637831378	-0.15817092781316
11.632000000000	0.71628405365295	-0.16470992886784
11.656000000000	0.71422851300725	-0.17122078861851
11.680000000000	0.71211018027254	-0.17770288571495
11.704000000000	0.70992948506627	-0.18415560530751
11.728000000000	0.70768686262977	-0.19057833908643
11.752000000000	0.70538275373068	-0.19697048531993
11.776000000000	0.70301760456548	-0.20333144889077
11.800000000000	0.70059186666214	-0.20966064133156
11.824000000000	0.69810599678288	-0.21595748085869
11.848000000000	0.69556045682711	-0.22222139240497
11.872000000000	0.69295571373453	-0.22845180765089
11.896000000000	0.69029223938838	-0.23464816505465
11.920000000000	0.68757051051896	-0.24080990988083
11.944000000000	0.68479100860726	-0.24693649422782
11.968000000000	0.68195421978892	-0.25302737705401
11.992000000000	0.67906063475833	-0.25908202420263
12.016000000000	0.67611074867307	-0.26509990842548
12.040000000000	0.67310506105853	-0.27108050940531
12.064000000000	0.67004407571289	-0.27702331377709
12.088000000000	0.66692830061231	-0.28292781514799
12.112000000000	0.66375824781650	-0.28879351411621
12.136000000000	0.66053443337455	-0.29461991828865
12.160000000000	0.65725737723107	-0.30040654229738
12.184000000000	0.65392760313274	-0.30615290781502
12.208000000000	0.65054563853515	-0.31185854356886
12.232000000000	0.64711201451001	-0.31752298535403
12.256000000000	0.64362726565273	-0.32314577604540
12.280000000000	0.64009192999035	-0.32872646560845
12.304000000000	0.63650654888994	-0.33426461110911
12.328000000000	0.63287166696732	-0.33975977672238
12.352000000000	0.62918783199619	-0.34521153374007
12.376000000000	0.62545559481772	-0.35061946057733
12.400000000000	0.62167550925053	-0.35598314277826
12.424000000000	0.61784813200112	-0.36130217302046
12.448000000000	0.61397402257473	-0.36657615111855
12.472000000000	0.61005374318665	-0.37180468402672
12.496000000000	0.60608785867400	-0.37698738584033
12.520000000000	0.60207693640796	-0.38212387779645
12.544000000000	0.59802154620644	-0.38721378827356
12.568000000000	0.59392226024732	-0.39225675279020
12.592000000000	0.58977965298207	-0.39725241400273
12.616000000000	0.58559430104995	-0.40220042170223
12.640000000000	0.58136678319260	-0.40710043281038
12.664000000000	0.57709768016926	-0.41195211137455
12.688000000000	0.57278757467241	-0.41675512856191
12.712000000000	0.56843705124396	-0.42150916265281
12.736000000000	0.56404669619192	-0.42621389903311
12.760000000000	0.55961709750768	-0.43086903018589
12.784000000000	0.55514884478371	-0.43547425568210
12.808000000000	0.55064252913190	-0.44002928217060
12.832000000000	0.54609874310235	-0.44453382336722
12.856000000000	0.54151808060276	-0.44898760004311
12.880000000000	0.53690113681835	-0.45339034001233
12.904000000000	0.53224850813235	-0.45774177811857
12.928000000000	0.52756079204698	-0.46204165622121
12.952000000000	0.52283858710509	-0.46628972318055
12.976000000000	0.51808249281228	-0.47048573484235
13.000000000000	0.51329310955964	-0.47462945402164
13.024000000000	0.50847103854699	-0.47872065048578
13.048000000000	0.50361688170679	-0.48275910093683
13.072000000000	0.49873124162853	-0.48674458899328
13.096000000000	0.49381472148378	-0.49067690517098
13.120000000000	0.48886792495173	-0.49455584686351
13.144000000000	0.48389145614541	-0.49838121832184
13.168000000000	0.47888591953840	-0.50215283063332
13.192000000000	0.47385191989223	-0.50587050170009
13.216000000000	0.46879006218426	-0.50953405621677
13.240000000000	0.46370095153622	-0.51314332564764
13.264000000000	0.45858519314334	-0.51669814820310
13.288000000000	0.45344339220402	-0.52019836881564
13.312000000000	0.44827615385020	-0.52364383911509
13.336000000000	0.44308408307818	-0.52703441740344
13.360000000000	0.43786778468019	-0.53036996862897
13.384000000000	0.43262786317644	-0.53365036435988
13.408000000000	0.42736492274783	-0.53687548275735
13.432000000000	0.42207956716927	-0.54004520854808
13.456000000000	0.41677239974356	-0.54315943299626
13.480000000000	0.41144402323587	-0.54621805387505
13.504000000000	0.40609503980892	-0.54922097543756
13.528000000000	0.40072605095860	-0.55216810838728
13.552000000000	0.39533765745037	-0.55505936984806
13.576000000000	0.38993045925610	-0.55789468333357
13.600000000000	0.38450505549164	-0.56067397871633
13.624000000000	0.37906204435497	-0.56339719219619
13.648000000000	0.37360202306486	-0.56606426626848
13.672000000000	0.36812558780030	-0.56867514969154
13.696000000000	0.36263333364036	-0.57122979745401
13.720000000000	0.35712585450481	-0.57372817074148
13.744000000000	0.35160374309522	-0.57617023690286
13.768000000000	0.34606759083677	-0.57855596941630
13.792000000000	0.34051798782057	-0.58088534785464
13.816000000000	0.33495552274666	-0.58315835785055
13.840000000000	0.32938078286757	-0.58537499106122
13.864000000000	0.32379435393249	-0.58753524513267
13.888000000000	0.31819682013208	-0.58963912366369
13.912000000000	0.31258876404380	-0.59168663616944
13.936000000000	0.30697076657794	-0.59367779804462
13.960000000000	0.30134340692419	-0.59561263052634
13.984000000000	0.29570726249880	-0.59749116065666
14.008000000000	0.29006290889242	-0.59931342124470
14.032000000000	0.28441091981842	-0.60107945082852
14.056000000000	0.27875186706191	-0.60278929363662
14.080000000000	0.27308632042932	-0.60444299954913
14.104000000000	0.26741484769855	-0.60604062405870
14.128000000000	0.26173801456977	-0.60758222823106
14.152000000000	0.25605638461677	-0.60906787866532
14.176000000000	0.25037051923889	-0.61049764745394
14.200000000000	0.24468097761364	-0.61187161214247
14.224000000000	0.23898831664977	-0.61318985568895
14.248000000000	0.23329309094106	-0.61445246642306
14.272000000000	0.22759585272058	-0.61565953800508
14.296000000000	0.22189715181566	-0.61681116938443
14.320000000000	0.21619753560336	-0.61790746475815
14.344000000000	0.21049754896653	-0.61894853352899
14.368000000000	0.20479773425050	-0.61993449026333
14.392000000000	0.19909863122034	-0.62086545464884
14.416000000000	0.19340077701865	-0.62174155145197
14.440000000000	0.18770470612401	-0.62256291047511
14.464000000000	0.18201095030995	-0.62332966651366
14.488000000000	0.17632003860451	-0.62404195931281
14.512000000000	0.17063249725040	-0.62469993352415
14.536000000000	0.16494884966572	-0.62530373866208
14.560000000000	0.15926961640523	-0.62585352906001
14.584000000000	0.15359531512224	-0.62634946382642
14.608000000000	0.14792646053102	-0.62679170680071
14.632000000000	0.14226356436983	-0.62718042650885
14.656000000000	0.13660713536447	-0.62751579611895
14.680000000000	0.13095767919242	-0.62779799339656
14.704000000000	0.12531569844756	-0.62802720065989
14.728000000000	0.11968169260541	-0.62820360473486
14.752000000000	0.11405615798898	-0.62832739691000
14.776000000000	0.10843958773515	-0.62839877289118
14.800000000000	0.10283247176161	-0.62841793275629
14.824000000000	0.097235296734346	-0.62838508090968
14.848000000000	0.091648546035743	-0.62830042603659
14.872000000000	0.086072699733158	-0.62816418105734
14.896000000000	0.080508234548092	-0.62797656308152
14.920000000000	0.074955623825910	-0.62773779336200
14.944000000000	0.069415337506094	-0.62744809724886
14.968000000000	0.063887842093058	-0.62710770414323
14.992000000000	0.058373600627495	-0.62671684745100
15.016000000000	0.052873072658282	-0.62627576453650
15.040000000000	0.047386714214911	-0.62578469667605
15.064000000000	0.041914977780475	-0.62524388901143
15.088000000000	0.036458312265174	-0.62465359050333
15.112000000000	0.031017162980382	-0.62401405388465
15.136000000000	0.025591971613220	-0.62332553561382
15.160000000000	0.020183176201688	-0.62258829582800
15.184000000000	0.014791211110307	-0.62180259829624
15.208000000000	0.0094165070063052	-0.62096871037262
15.232000000000	0.0040594908363199	-0.62008690294929
15.256000000000	-0.0012794141963656	-0.61915745040954
15.280000000000	-0.0065997886540718	-0.61818063058077
15.304000000000	-0.011901216886442	-0.61715672468745
15.328000000000	-0.017183287051649	-0.61608601730408
15.352000000000	-0.022445591137080	-0.61496879630810
15.376000000000	-0.027687724979512	-0.61380535283279
15.400000000000	-0.032909288284762	-0.61259598122013
15.424000000000	-0.038109884646842	-0.61134097897374
15.448000000000	-0.043289121566591	-0.61004064671168
15.472000000000	-0.048446610469805	-0.60869528811937
15.496000000000	-0.053581966724867	-0.60730520990248
15.520000000000	-0.058694809659862	-0.60587072173977
15.544000000000	-0.063784762579204	-0.60439213623605
15.568000000000	-0.068851452779753	-0.60286976887504
15.592000000000	-0.073894511566447	-0.60130393797237
15.616000000000	-0.078913574267427	-0.59969496462850
15.640000000000	-0.083908280248681	-0.59804317268177
15.664000000000	-0.088878272928192	-0.59634888866138
15.688000000000	-0.093823199789598	-0.59461244174049
15.712000000000	-0.098742712395372	-0.59283416368934
15.736000000000	-0.10363646639951	-0.59101438882840
15.760000000000	-0.10850412155976	-0.58915345398160
15.784000000000	-0.11334534174932	-0.58725169842958
15.808000000000	-0.11815979496814	-0.58530946386303
15.832000000000	-0.12294715335369	-0.58332709433608
15.856000000000	-0.12770709319125	-0.58130493621975
15.880000000000	-0.13243929492380	-0.57924333815551
15.904000000000	-0.13714344316136	-0.57714265100885
15.928000000000	-0.14181922668994	-0.57500322782298
15.952000000000	-0.14646633847994	-0.57282542377259
15.976000000000	-0.15108447569422	-0.57060959611773
16.000000000000	-0.15567333969559	-0.56835610415772
16.024000000000	-0.16023263605389	-0.56606530918521
16.048000000000	-0.16476207455266	-0.56373757444031
16.072000000000	-0.16926136919531	-0.56137326506482
16.096000000000	-0.17373023821086	-0.55897274805661
16.120000000000	-0.17816840405924	-0.55653639222400
16.144000000000	-0.18257559343616	-0.55406456814043
16.168000000000	-0.18695153727751	-0.55155764809902
16.192000000000	-0.19129597076338	-0.54901600606749
16.216000000000	-0.19560863332158	-0.54644001764300
16.240000000000	-0.19988926863080	-0.54383006000723
16.264000000000	-0.20413762462330	-0.54118651188157
16.288000000000	-0.20835345348716	-0.53850975348242
16.312000000000	-0.21253651166820	-0.53580016647666
16.336000000000	-0.21668655987136	-0.53305813393722
16.360000000000	-0.22080336306175	-0.53028404029884
16.384000000000	-0.22488669046528	-0.52747827131391
16.408000000000	-0.22893631556887	-0.52464121400858
16.432000000000	-0.23295201612020	-0.52177325663886
16.456000000000	-0.23693357412718	-0.51887478864702
16.480000000000	-0.24088077585690	-0.51594620061806
16.504000000000	-0.24479341183427	-0.51298788423641
16.528000000000	-0.24867127684020	-0.51000023224271
16.552000000000	-0.25251416990944	-0.50698363839088
16.576000000000	-0.25632189432805	-0.50393849740520
16.600000000000	-0.26009425763036	-0.50086520493775
16.624000000000	-0.26383107159575	-0.49776415752585
16.648000000000	-0.26753215224488	-0.49463575254982
16.672000000000	-0.27119731983562	-0.49148038819084
16.696000000000	-0.27482639885863	-0.48829846338904
16.720000000000	-0.27841921803252	-0.48509037780174
16.744000000000	-0.28197561029867	-0.48185653176189
16.768000000000	-0.28549541281571	-0.47859732623677
16.792000000000	-0.28897846695362	-0.47531316278678
16.816000000000	-0.29242461828745	-0.47200444352450
16.840000000000	-0.29583371659079	-0.46867157107393
16.864000000000	-0.29920561582872	-0.46531494852993
16.888000000000	-0.30254017415065	-0.46193497941788
16.912000000000	-0.30583725388255	-0.45853206765355
16.936000000000	-0.30909672151911	-0.45510661750315
16.960000000000	-0.31231844771536	-0.45165903354361
16.984000000000	-0.31550230727806	-0.44818972062313
17.008000000000	-0.31864817915679	-0.44469908382182
17.032000000000	-0.32175594643460	-0.44118752841271
17.056000000000	-0.32482549631847	-0.43765545982285
17.080000000000	-0.32785672012937	-0.43410328359474
17.104000000000	-0.33084951329206	-0.43053140534790
17.128000000000	-0.33380377532454	-0.42694023074074
17.152000000000	-0.33671940982724	-0.42333016543259
17.176000000000	-0.33959632447182	-0.41970161504601
17.200000000000	-0.34243443098984	-0.41605498512933
17.224000000000	-0.34523364516092	-0.41239068111940
17.248000000000	-0.34799388680080	-0.40870910830458
17.272000000000	-0.35071507974902	-0.40501067178801
17.296000000000	-0.35339715185629	-0.40129577645105
17.320000000000	-0.35604003497167	-0.39756482691703
17.344000000000	-0.35864366492941	-0.39381822751517
17.368000000000	-0.36120798153552	-0.39005638224483
17.392000000000	-0.36373292855411	-0.38627969473993
17.416000000000	-0.36621845369341	-0.38248856823364
17.440000000000	-0.36866450859160	-0.37868340552337
17.464000000000	-0.37107104880229	-0.37486460893588
17.488000000000	-0.37343803377983	-0.37103258029281
17.512000000000	-0.37576542686435	-0.36718772087631
17.536000000000	-0.37805319526647	-0.36333043139501
17.560000000000	-0.38030131005193	-0.35946111195022
17.584000000000	-0.38250974612579	-0.35558016200238
17.608000000000	-0.38467848221658	-0.35168798033776
17.632000000000	-0.38680750086004	-0.34778496503544
17.656000000000	-0.38889678838279	-0.34387151343450
17.680000000000	-0.39094633488563	-0.33994802210151
17.704000000000	-0.39295613422676	-0.33601488679831
17.728000000000	-0.39492618400467	-0.33207250244991
17.752000000000	-0.39685648554085	-0.32812126311284
17.776000000000	-0.39874704386230	-0.32416156194358
17.800000000000	-0.40059786768386	-0.32019379116740
17.824000000000	-0.40240896939025	-0.31621834204735
17.848000000000	-0.40418036501796	-0.31223560485356
17.872000000000	-0.40591207423700	-0.30824596883280
17.896000000000	-0.40760412033234	-0.30424982217833
17.920000000000	-0.40925653018522	-0.30024755199990
17.944000000000	-0.41086933425431	-0.29623954429417
17.968000000000	-0.41244256655658	-0.29222618391527
17.992000000000	-0.41397626464812	-0.28820785454568
18.016000000000	-0.41547046960468	-0.28418493866735
18.040000000000	-0.41692522600204	-0.28015781753308
18.064000000000	-0.41834058189631	-0.27612687113821
18.088000000000	-0.41971658880395	-0.27209247819248
18.112000000000	-0.42105330168164	-0.26805501609226
18.136000000000	-0.42235077890608	-0.26401486089295
18.160000000000	-0.42360908225351	-0.25997238728169
18.184000000000	-0.42482827687916	-0.25592796855032
18.208000000000	-0.42600843129652	-0.25188197656862
18.232000000000	-0.42714961735642	-0.24783478175776
18.256000000000	-0.42825191022607	-0.24378675306409
18.280000000000	-0.42931538836782	-0.23973825793310
18.304000000000	-0.43034013351791	-0.23568966228368
18.328000000000	-0.43132623066496	-0.23164133048270
18.352000000000	-0.43227376802845	-0.22759362531972
18.376000000000	-0.43318283703697	-0.22354690798209
18.400000000000	-0.43405353230636	-0.21950153803019
18.424000000000	-0.43488595161778	-0.21545787337304
18.448000000000	-0.43568019589561	-0.21141627024405
18.472000000000	-0.43643636918520	-0.20737708317714
18.496000000000	-0.43715457863058	-0.20334066498303
18.520000000000	-0.43783493445198	-0.19930736672582
18.544000000000	-0.43847754992331	-0.19527753769981
18.568000000000	-0.43908254134944	-0.19125152540660
18.592000000000	-0.43965002804345	-0.18722967553239
18.616000000000	-0.44018013230376	-0.18321233192560
18.640000000000	-0.44067297939109	-0.17919983657468
18.664000000000	-0.44112869750544	-0.17519252958616
18.688000000000	-0.44154741776284	-0.17119074916307
18.712000000000	-0.44192927417211	-0.16719483158341
18.736000000000	-0.44227440361148	-0.16320511117904
18.760000000000	-0.44258294580510	-0.15922192031475
18.784000000000	-0.44285504329949	-0.15524558936753
18.808000000000	-0.44309084143992	-0.15127644670614
18.832000000000	-0.44329048834664	-0.14731481867095
18.856000000000	-0.44345413489110	-0.14336102955392
18.880000000000	-0.44358193467203	-0.13941540157892
18.904000000000	-0.44367404399149	-0.13547825488221
18.928000000000	-0.44373062183079	-0.13154990749325
18.952000000000	-0.44375182982640	-0.12763067531564
18.976000000000	-0.44373783224571	-0.12372087210840
19.000000000000	-0.44368879596276	-0.11982080946739
19.024000000000	-0.44360489043394	-0.11593079680702
19.048000000000	-0.44348628767352	-0.11205114134220
19.072000000000	-0.44333316222921	-0.10818214807048
19.096000000000	-0.44314569115759	-0.10432411975446
19.120000000000	-0.44292405399951	-0.10047735690439
19.144000000000	-0.44266843275542	-0.096642157761037
19.168000000000	-0.44237901186061	-0.092818818278768
19.192000000000	-0.44205597816048	-0.089007632108829
19.216000000000	-0.44169952088560	-0.085208890582892
19.240000000000	-0.44130983162688	-0.081422882696800
19.264000000000	-0.44088710431055	-0.077649895094540
19.288000000000	-0.44043153517316	-0.073890212052445
19.312000000000	-0.43994332273650	-0.070144115463605
19.336000000000	-0.43942266778251	-0.066411884822504
19.360000000000	-0.43886977332802	-0.062693797209878
19.384000000000	-0.43828484459960	-0.058990127277781
19.408000000000	-0.43766808900826	-0.055301147234878
19.432000000000	-0.43701971612409	-0.051627126831951
19.456000000000	-0.43633993765094	-0.047968333347610
19.480000000000	-0.43562896740096	-0.044325031574231
19.504000000000	-0.43488702126913	-0.040697483804100
19.528000000000	-0.43411431720778	-0.037085949815764
19.552000000000	-0.43331107520103	-0.033490686860605
19.576000000000	-0.43247751723916	-0.029911949649612
19.600000000000	-0.43161386729298	-0.026349990340368
19.624000000000	-0.43072035128818	-0.022805058524244
19.648000000000	-0.42979719707956	-0.019277401213799
19.672000000000	-0.42884463442527	-0.015767262830392
19.696000000000	-0.42786289496103	-0.012274885191991
19.720000000000	-0.42685221217427	-0.0088005075011928
19.744000000000	-0.42581282137822	-0.0053443663334477
19.768000000000	-0.42474495968600	-0.0019066956254885
19.792000000000	-0.42364886598470	0.0015122733360437
19.816000000000	-0.42252478090928	0.0049123119257633
19.840000000000	-0.42137294681664	0.0082931941905070
19.864000000000	-0.42019360775945	0.011654696860097
19.888000000000	-0.41898700946010	0.014996599357904
19.912000000000	-0.41775339928452	0.018318683811203
19.936000000000	-0.41649302621600	0.021620735061349
19.960000000000	-0.41520614082895	0.024902540673725
19.984000000000	-0.41389299526267	0.028163890947513
20.008000000000	-0.41255384319503	0.031404578925253
20.032000000000	-0.41118893981616	0.034624400402211
20.056000000000	-0.40979854180206	0.037823153935543
20.080000000000	-0.40838290728822	0.041000640853266
20.104000000000	-0.40694229584317	0.044156665263014
20.128000000000	-0.40547696844202	0.047291034060633
20.152000000000	-0.40398718743994	0.050403556938530
20.176000000000	-0.40247321654565	0.053494046393856
20.200000000000	-0.40093532079480	0.056562317736487
20.224000000000	-0.39937376652340	0.059608189096800
20.248000000000	-0.39778882134117	0.062631481433240
20.272000000000	-0.39618075410484	0.065632018539719
20.296000000000	-0.39454983489147	0.068609627052780
20.320000000000	-0.39289633497170	0.071564136458598
20.344000000000	-0.39122052678294	0.074495379099745
20.368000000000	-0.38952268390261	0.077403190181782
20.392000000000	-0.38780308102126	0.080287407779641
20.416000000000	-0.38606199391569	0.083147872843808
20.440000000000	-0.38429969942208	0.085984429206298
20.464000000000	-0.38251647540899	0.088796923586443
20.488000000000	-0.38071260075042	0.091585205596454
20.512000000000	-0.37888835529881	0.094349127746817
20.536000000000	-0.37704401985794	0.097088545451434
20.560000000000	-0.37517987615595	0.099803317032614
20.584000000000	-0.37329620681814	0.10249330372582
20.608000000000	-0.37139329533990	0.10515836968422
20.632000000000	-0.36947142605950	0.10779838198305
20.656000000000	-0.36753088413094	0.11041321062372
20.680000000000	-0.36557195549665	0.11300272853778
20.704000000000	-0.36359492686031	0.11556681159063
20.728000000000	-0.36160008565949	0.11810533858502
20.752000000000	-0.35958772003836	0.12061819126433
20.776000000000	-0.35755811882036	0.12310525431571
20.800000000000	-0.35551157148080	0.12556641537289
20.824000000000	-0.35344836811946	0.12800156501885
20.848000000000	-0.35136879943313	0.13041059678828
20.872000000000	-0.34927315668821	0.13279340716979
20.896000000000	-0.34716173169319	0.13514989560787
20.920000000000	-0.34503481677113	0.13747996450471
20.944000000000	-0.34289270473211	0.13978351922177
20.968000000000	-0.34073568884574	0.14206046808104
20.992000000000	-0.33856406281351	0.14431072236621
21.016000000000	-0.33637812074119	0.14653419632354
21.040000000000	-0.33417815711122	0.14873080716249
21.064000000000	-0.33196446675508	0.15090047505612
21.088000000000	-0.32973734482557	0.15304312314136
21.112000000000	-0.32749708676918	0.15515867751886
21.136000000000	-0.32524398829835	0.15724706725280
21.160000000000	-0.32297834536376	0.15930822437030
21.184000000000	-0.32070045412658	0.16134208386072
21.208000000000	-0.31841061093078	0.16334858367463
21.232000000000	-0.31610911227530	0.16532766472258
21.256000000000	-0.31379625478632	0.16727927087362
21.280000000000	-0.31147233518944	0.16920334895357
21.304000000000	-0.30913765028196	0.17109984874303
21.328000000000	-0.30679249690502	0.17296872297518
21.352000000000	-0.30443717191583	0.17480992733326
21.376000000000	-0.30207197215989	0.17662342044791
21.400000000000	-0.29969719444314	0.17840916389408
21.424000000000	-0.29731313550419	0.18016712218788
21.448000000000	-0.29492009198652	0.18189726278302
21.472000000000	-0.29251836041068	0.18359955606707
21.496000000000	-0.29010823714653	0.18527397535741
21.520000000000	-0.28769001838543	0.18692049689695
21.544000000000	-0.28526400011248	0.18853909984957
21.568000000000	-0.28283047807880	0.19012976629528
21.592000000000	-0.28038974777378	0.19169248122512
21.616000000000	-0.27794210439736	0.19322723253580
21.640000000000	-0.27548784283236	0.19473401102401
21.664000000000	-0.27302725761675	0.19621281038054
21.688000000000	-0.27056064291613	0.19766362718405
21.712000000000	-0.26808829249597	0.19908646089457
21.736000000000	-0.26561049969417	0.20048131384675
21.760000000000	-0.26312755739343	0.20184819124281
21.784000000000	-0.26063975799378	0.20318710114517
21.808000000000	-0.25814739338511	0.20449805446884
21.832000000000	-0.25565075491976	0.20578106497349
21.856000000000	-0.25315013338518	0.20703614925528
21.880000000000	-0.25064581897655	0.20826332673826
21.904000000000	-0.24813810126960	0.20946261966567
21.928000000000	-0.24562726919334	0.21063405309077
21.952000000000	-0.24311361100299	0.21177765486748
21.976000000000	-0.24059741425286	0.21289345564067
22.000000000000	-0.23807896576937	0.21398148883614
22.024000000000	-0.23555855162412	0.21504179065035
22.048000000000	-0.23303645710707	0.21607440003980
22.072000000000	-0.23051296669974	0.21707935871007
22.096000000000	-0.22798836404854	0.21805671110468
22.120000000000	-0.22546293193820	0.21900650439346
22.144000000000	-0.22293695226528	0.21992878846080
22.168000000000	-0.22041070601176	0.22082361589341
22.192000000000	-0.21788447321876	0.22169104196790
22.216000000000	-0.21535853296037	0.22253112463799
22.240000000000	-0.21283316331757	0.22334392452137
22.264000000000	-0.21030864135230	0.22412950488637
22.288000000000	-0.20778524308161	0.22488793163812
22.312000000000	-0.20526324345200	0.22561927330458
22.336000000000	-0.20274291631379	0.22632360102215
22.360000000000	-0.20022453439579	0.22700098852095
22.384000000000	-0.19770836927991	0.22765151210984
22.408000000000	-0.19519469137611	0.22827525066111
22.432000000000	-0.19268376989734	0.22887228559475
22.456000000000	-0.19017587283478	0.22944270086257
22.480000000000	-0.18767126693313	0.22998658293183
22.504000000000	-0.18517021766614	0.23050402076869
22.528000000000	-0.18267298921228	0.23099510582121
22.552000000000	-0.18017984443061	0.23145993200210
22.576000000000	-0.17769104483680	0.23189859567119
22.600000000000	-0.17520685057940	0.23231119561743
22.624000000000	-0.17272752041624	0.23269783304076
22.648000000000	-0.17025331169111	0.23305861153347
22.672000000000	-0.16778448031054	0.23339363706142
22.696000000000	-0.16532128072090	0.23370301794475
22.720000000000	-0.16286396588570	0.23398686483846
22.744000000000	-0.16041278726301	0.23424529071251
22.768000000000	-0.15796799478329	0.23447841083171
22.792000000000	-0.15552983682730	0.23468634273525
22.816000000000	-0.15309856020433	0.23486920621589
22.840000000000	-0.15067441013068	0.23502712329890
22.864000000000	-0.14825763020838	0.23516021822062
22.888000000000	-0.14584846240415	0.23526861740676
22.912000000000	-0.14344714702868	0.23535244945031
22.936000000000	-0.14105392271615	0.23541184508929
22.960000000000	-0.13866902640402	0.23544693718399
22.984000000000	-0.13629269331317	0.23545786069410
23.008000000000	-0.13392515692822	0.23544475265540
23.032000000000	-0.13156664897827	0.23540775215619
23.056000000000	-0.12921739941788	0.23534700031346
23.080000000000	-0.12687763640837	0.23526264024871
23.104000000000	-0.12454758629944	0.23515481706348
23.128000000000	-0.12222747361113	0.23502367781462
23.152000000000	-0.11991752101609	0.23486937148925
23.176000000000	-0.11761794932219	0.23469204897942
23.200000000000	-0.11532897745549	0.23449186305650
23.224000000000	-0.11305082244356	0.23426896834530
23.248000000000	-0.11078369939911	0.23402352129790
23.272000000000	-0.10852782150405	0.23375568016718
23.296000000000	-0.10628339999387	0.23346560498013
23.320000000000	-0.10405064414244	0.23315345751084
23.344000000000	-0.10182976124711	0.23281940125327
23.368000000000	-0.099620956614291	0.23246360139370
23.392000000000	-0.097424433545387	0.23208622478302
23.416000000000	-0.095240393323111	0.23168743990865
23.440000000000	-0.093069035198234	0.23126741686627
23.464000000000	-0.090910556376734	0.23082632733134
23.488000000000	-0.088765152007368	0.23036434453030
23.512000000000	-0.086633015169666	0.22988164321156
23.536000000000	-0.084514336862350	0.22937839961632
23.560000000000	-0.082409305992199	0.22885479144905
23.584000000000	-0.080318109363349	0.22831099784783
23.608000000000	-0.078240931667041	0.22774719935445
23.632000000000	-0.076177955471831	0.22716357788427
23.656000000000	-0.074129361214248	0.22656031669589
23.680000000000	-0.072095327189923	0.22593760036064
23.704000000000	-0.070076029545191	0.22529561473179
23.728000000000	-0.068071642269172	0.22463454691368
23.752000000000	-0.066082337186318	0.22395458523054
23.776000000000	-0.064108283949475	0.22325591919521
23.800000000000	-0.062149650033409	0.22253873947766
23.824000000000	-0.060206600728855	0.22180323787328
23.848000000000	-0.058279299137060	0.22104960727111
23.872000000000	-0.056367906164827	0.22027804162179
23.896000000000	-0.054472580520094	0.21948873590544
23.920000000000	-0.052593478708013	0.21868188609932
23.944000000000	-0.050730755027567	0.21785768914540
23.968000000000	-0.048884561568710	0.21701634291775
23.992000000000	-0.047055048210048	0.21615804618980
24.016000000000	-0.045242362617054	0.21528299860149
24.040000000000	-0.043446650240832	0.21439140062627
24.064000000000	-0.041668054317430	0.21348345353800
24.088000000000	-0.039906715867705	0.21255935937769
24.112000000000	-0.038162773697754	0.21161932092024
24.136000000000	-0.036436364399899	0.21066354164094
24.160000000000	-0.034727622354248	0.20969222568197
24.184000000000	-0.033036679730827	0.20870557781880
24.208000000000	-0.031363666492288	0.20770380342643
24.232000000000	-0.029708710397199	0.20668710844568
24.256000000000	-0.028071937003923	0.20565569934926
24.280000000000	-0.026453469675079	0.20460978310792
24.304000000000	-0.024853429582612	0.20354956715638
24.328000000000	-0.023271935713447	0.20247525935939
24.352000000000	-0.021709104875751	0.20138706797752
24.376000000000	-0.020165051705808	0.20028520163313
24.400000000000	-0.018639888675495	0.19916986927612
24.424000000000	-0.017133726100380	0.19804128014973
24.448000000000	-0.015646672148433	0.19689964375634
24.472000000000	-0.014178832849367	0.19574516982314
24.496000000000	-0.012730312104596	0.19457806826790
24.520000000000	-0.011301211697837	0.19339854916463
24.544000000000	-0.0098916313063236	0.19220682270930
24.568000000000	-0.0085016685126882	0.19100309918551
24.592000000000	-0.0071314188174563	0.18978758893020
24.616000000000	-0.0057809756522054	0.18856050229931
24.640000000000	-0.0044504303933635	0.18732204963352
24.664000000000	-0.0031398723766671	0.18607244122395
24.688000000000	-0.0018493889122716	0.18481188727790
24.712000000000	-0.00057906530051487	0.18354059788460
24.736000000000	0.00067101515163363	0.18225878298100
24.760000000000	0.0019007711134805	0.18096665231760
24.784000000000	0.0031101232128281	0.17966441542425
24.808000000000	0.0042989940175271	0.17835228157608
24.832000000000	0.0054673080163462	0.17703045975942
24.856000000000	0.0066149915991558	0.17569915863773
24.880000000000	0.0077419730364328	0.17435858651764
24.904000000000	0.0088481824580680	0.17300895131496
24.928000000000	0.0099335518314772	0.17165046052087
24.952000000000	0.010998014939018	0.17028332116799
24.976000000000	0.012041507354697	0.16890773979661
25.000000000000	0.013063966420175	0.16752392242100
